273.	4.879275043203815
273.2	4.9842217303154905
273.4	4.9779665913043845
273.6	5.005889857792151
273.8	4.895981975798264
274.	4.91342251950501
274.2	4.960510260673318
274.4	5.020568932071102
274.6	5.061067397143569
274.8	4.884168398728667
275.	5.139232365685056
275.2	5.072785517811129
275.4	4.96155072910854
275.6	4.950464201399298
275.8	5.0224287596338115
276.	5.084796011664871
276.2	4.949890788568625
276.4	5.0809800234930815
276.6	4.997718823983079
276.8	5.138104161917137
277.	4.885402231087771
277.2	4.979208139198957
277.4	4.982973645781983
277.6	4.944335710900911
277.8	5.082707000452733
278.	5.069478857743209
278.2	4.956749277491309
278.4	5.027537206842698
278.6	5.0793757797025245
278.8	5.101259308049729
279.	5.012450667068278
279.2	5.1378270258656205
279.4	4.944422850661623
279.6	4.893749286575963
279.8	5.049269756039034
280.	4.996713998015366
280.2	4.999495062112451
280.4	4.942461187987466
280.6	4.926347541990527
280.8	4.946686761555984
281.	4.809269079048513
281.2	4.885607052820617
281.4	4.947849680738069
281.6	4.837035767466829
281.8	4.985304568903522
282.	5.040274065217126
282.2	5.020798391921906
282.4	4.986616193111029
282.6	5.031066295249473
282.8	4.964818642560268
283.	4.89359509870727
283.2	5.013076894307429
283.4	5.120095349559228
283.6	4.982823521204025
283.8	5.028462422757766
284.	5.007889160152919
284.2	5.079690276796737
284.4	5.043531580769562
284.6	5.0001020163044805
284.8	5.032347026951877
285.	5.002211766858404
285.2	5.016371194424334
285.4	4.949086603697694
285.6	5.218685923795391
285.8	4.904759341959447
286.	4.9985090112716914
286.2	5.005020577285096
286.4	5.230747028240649
286.6	4.989316946448012
286.8	5.063567621976521
287.	4.972283391597901
287.2	5.054305566797238
287.4	4.998181422494274
287.6	5.031748149594054
287.8	4.919623379095768
288.	5.039901094306148
288.2	5.043951127850243
288.4	4.935630232734167
288.6	4.92177085260685
288.8	4.9259846348791125
289.	4.9415159080568145
289.2	5.006107843508607
289.4	5.034705065145971
289.6	5.000440869709185
289.8	5.074803069368378
290.	5.088367554107461
290.2	4.979986666882372
290.4	5.097501697301488
290.6	5.044645414259113
290.8	4.926563835017108
291.	5.0370474759456725
291.2	4.972938834962082
291.4	5.031057879201347
291.6	5.043843696524936
291.8	5.121709268225046
292.	5.046146487383923
292.2	5.065017779790282
292.4	4.984845424123081
292.6	5.003056322160605
292.8	4.987327003050896
293.	4.952318007786581
293.2	5.0546891632279785
293.4	5.0291083759255555
293.6	4.940535144587593
293.8	4.9597268421056135
294.	4.893673877752069
294.2	4.962093203006812
294.4	4.9958548378406356
294.6	4.963209971900014
294.8	5.124418084599297
295.	5.101246707309553
295.2	4.960064898187808
295.4	4.966879493491332
295.6	4.979249654915544
295.8	4.808361874753116
296.	4.929503126369897
296.2	5.0710000233613775
296.4	5.125243734485417
296.6	5.006850063844121
296.8	4.996270345706867
297.	4.876729613465672
297.2	5.002734743825105
297.4	4.988943607881546
297.6	5.025599385207172
297.8	4.978327878964335
298.	4.9224620340328675
298.2	5.014993142466827
298.4	5.059159308104009
298.6	5.2215928478642475
298.8	5.096928884696315
299.	4.995332953438969
299.2	5.013121681105682
299.4	5.0027441569517554
299.6	4.899913692894423
299.8	4.961862330959273
300.	4.925687743685259
300.2	4.9174718759166804
300.4	5.144960102640291
300.6	4.971106156975629
300.8	5.0904628423223865
301.	4.9849327883612276
301.2	5.008441200250294
301.4	5.03591916905624
301.6	5.123745777113328
301.8	4.945098253698386
302.	4.943709466647425
302.2	5.098343761030884
302.4	5.118096501917865
302.6	4.932534716681465
302.8	5.1701970965895665
303.	5.115728174495081
303.2	5.070160671916849
303.4	4.902117479471819
303.6	5.03360188439667
303.8	4.900440783581176
304.	5.083948211021181
304.2	5.025088352312223
304.4	4.935698016122613
304.6	4.996650361949278
304.8	4.919158181169973
305.	5.065228405754249
305.2	4.924563773431232
305.4	5.101400757174691
305.6	4.9412540373406815
305.8	4.845499452649431
306.	4.788185757967319
306.2	5.060457128774581
306.4	4.955690842319081
306.6	4.9550175965760985
306.8	5.012204874155666
307.	4.922126765143732
307.2	5.044847664758811
307.4	4.957062742311379
307.6	4.821022828283334
307.8	4.899194651412077
308.	5.10491738829447
308.2	5.119443362819247
308.4	4.890876188593653
308.6	5.05175779333366
308.8	5.016275081016132
309.	4.883448914147192
309.2	4.786996776845398
309.4	5.061737824568099
309.6	5.013968113956839
309.8	4.962132281712021
310.	4.964040916173474
310.2	5.08962830956303
310.4	4.983859855012843
310.6	5.1526966575795035
310.8	5.019056934742208
311.	5.0897667843628085
311.2	5.033078817220606
311.4	4.855904778136243
311.6	4.977162199794104
311.8	4.902583612987954
312.	4.918228818369357
312.2	5.083654546626187
312.4	4.985535646514678
312.6	5.112646089151074
312.8	5.079608015689425
313.	5.014949885266536
313.2	5.01001824699187
313.4	5.078466633252295
313.6	5.010027248732002
313.8	4.913223999312846
314.	5.141078393311229
314.2	5.052008317226772
314.4	5.026744141051086
314.6	5.139084630189673
314.8	5.048100553498696
315.	5.112866014837648
315.2	5.115461037346432
315.4	4.961840444638972
315.6	4.958307622153529
315.8	4.977591986427316
316.	4.959269355495706
316.2	5.131309712757585
316.4	4.946617970676861
316.6	5.1031801133131935
316.8	5.028957375467177
317.	5.140465799213792
317.2	5.029229418391829
317.4	5.252456998566986
317.6	5.001391732675469
317.8	5.073271260117349
318.	5.226128400807643
318.2	5.151417962986198
318.4	5.06377506469123
318.6	5.189053279510371
318.8	5.291133216540396
319.	5.199760790056162
319.2	5.1397869645270875
319.4	5.278629911568944
319.6	5.255911975082866
319.8	5.337413064027787
320.	5.252409855895744
320.2	5.349557362794113
320.4	5.38031535632461
320.6	5.478889680612991
320.8	5.405795221308144
321.	5.577004666693928
321.2	5.547009081228192
321.4	5.647716368839015
321.6	5.639328838194377
321.8	5.807581176893744
322.	5.7457596319711035
322.2	5.908092458682897
322.4	5.960234423968954
322.6	6.084517957579705
322.8	6.179697335054999
323.	6.255983811474349
323.2	6.270706836799853
323.4	6.538711241356726
323.6	6.496583317625517
323.8	6.698676754167063
324.	6.592589217534437
324.2	6.874927689023266
324.4	7.116632568870822
324.6	7.136191611510165
324.8	7.217055891478722
325.	7.339170636309732
325.2	7.486369377165674
325.4	7.591502010287603
325.6	7.757227554811092
325.8	7.905011649322016
326.	7.990515862419959
326.2	8.101629050614665
326.4	8.305447232722978
326.6	8.411762324999849
326.8	8.462402507368582
327.	8.777351988717973
327.2	8.712541338057882
327.4	8.705296541129547
327.6	9.029651703935041
327.8	9.043487482945157
328.	9.088322662906876
328.2	9.255747043644927
328.4	9.277705640114291
328.6	9.222303472929477
328.8	9.403467442482837
329.	9.310996523339899
329.2	9.354605739531241
329.4	9.398404958682113
329.6	9.658072224589791
329.8	9.741101625919935
330.	9.77561103564965
330.2	9.588157878874267
330.4	9.703016887070122
330.6	9.740429626555748
330.8	9.822865315852196
331.	9.654792041914705
331.2	9.833698802001464
331.4	9.84475543860442
331.6	9.755671037074556
331.8	9.73969444374203
332.	9.728862269913465
332.2	9.761659648850628
332.4	9.762881082451704
332.6	9.95360726426936
332.8	9.776392116506601
333.	10.00273052749679
333.2	9.8520956249366
333.4	9.76764131765255
333.6	9.89009977194163
333.8	9.82255595600283
334.	10.048257966329812
334.2	9.991997902103826
334.4	9.811603990993184
334.6	9.862851730382785
334.8	10.0153224659428
335.	9.9159004810436
335.2	9.891013172221928
335.4	9.947833670857428
335.6	10.019787118387992
335.8	10.016268144544496
336.	9.95908473572003
336.2	9.869869034385184
336.4	9.91059897722473
336.6	9.87090344165212
336.8	10.033235840412804
337.	10.022712722738266
337.2	10.004446488286893
337.4	9.983489265056766
337.6	10.013772588315074
337.8	9.868010161873508
338.	10.051974840779058
338.2	9.954794828987232
338.4	9.91130263198447
338.6	10.000514620244862
338.8	10.0301275729542
339.	9.997634277679122
339.2	10.028531081762509
339.4	9.978271656007093
339.6	9.908544037036084
339.8	10.084244889449021
340.	10.065777270889825
340.2	9.883645424990478
340.4	10.077233599978129
340.6	10.084280900415894
340.8	9.7873570428631
341.	9.98615138592491
341.2	9.856216581645704
341.4	10.073454245557697
341.6	10.00673883182283
341.8	10.020479827419809
342.	10.036268463778642
342.2	10.007551498441595
342.4	9.92089039566008
342.6	9.945751364240847
342.8	9.952009245022987
343.	9.994341189643686
343.2	10.049199132296101
343.4	10.251822928821923
343.6	9.957781919772037
343.8	10.095760302689934
344.	9.941782374354874
344.2	10.097167079949497
344.4	9.911401914827074
344.6	9.92717819831314
344.8	10.037864606291821
345.	10.192782066839499
345.2	9.845006309957581
345.4	10.021880469062054
345.6	9.936981989019547
345.8	10.04879554282097
346.	9.970578973675881
346.2	10.043164564059072
346.4	10.001837585933318
346.6	9.992731881487028
346.8	9.945406618728809
347.	9.905060681031687
347.2	9.95642536725899
347.4	9.933994073812348
347.6	10.029720666215058
347.8	9.985539057085845
348.	10.059681526942969
348.2	9.998168315798443
348.4	10.037958810981554
348.6	10.120368668258392
348.8	10.058592824471381
349.	10.069550311699945
349.2	9.909574221581742
349.4	10.014098367272785
349.6	9.97109932694673
349.8	9.846571872710093
350.	9.912523547142749
350.2	10.128891045389377
350.4	9.952222523096577
350.6	10.0651264425268
350.8	9.90676915083555
351.	9.961815096589463
351.2	9.956974226877751
351.4	10.027216376334916
351.6	9.982485214212852
351.8	9.926163773836434
352.	9.91974636198626
352.2	10.10437714082132
352.4	10.011598843343398
352.6	10.128797948310574
352.8	9.973564672028763
353.	10.023504528109706
353.2	10.037695233494219
353.4	9.941276096301692
353.6	10.032311756986411
353.8	9.966208365167152
354.	10.038809428929426
354.2	10.111310792158548
354.4	9.953815130375784
354.6	10.01417188132382
354.8	9.984972719817451
355.	10.061577101048075
355.2	10.086853883847553
355.4	10.033069250389307
355.6	10.11206120366426
355.8	9.845001415581875
356.	10.078950669351745
356.2	10.095996379439889
356.4	10.05883366634807
356.6	10.034959122085114
356.8	9.991025691933903
357.	10.039579073655183
357.2	9.840919937861873
357.4	10.157516334249603
357.6	9.927007405435873
357.8	10.076656155903208
358.	9.920414557752252
358.2	9.945636549075795
358.4	9.972077289337856
358.6	10.00705890469704
358.8	9.87028531303474
359.	10.144093950982692
359.2	9.978261631865557
359.4	10.128547609023293
359.6	10.012195373217429
359.8	10.166644417393027
360.	9.994515604301498
360.2	10.02155311592661
360.4	9.985202890418163
360.6	10.06383574474849
360.8	10.027598527939343
361.	9.969995961340715
361.2	9.918361229085885
361.4	9.922125094548898
361.6	9.965970095168196
361.8	9.869581193414414
362.	9.978565148298845
362.2	9.841417238899725
362.4	10.002203998698466
362.6	9.961740362433948
362.8	9.905676790229487
363.	9.957725945573213
363.2	9.992348873104564
363.4	9.987773218240662
363.6	9.96510900898004
363.8	10.036137033156482
364.	9.862590571056913
364.2	9.926058615416714
364.4	10.076220497362879
364.6	10.090278516925537
364.8	9.848465104510646
365.	10.02537337977186
365.2	10.071539420025474
365.4	9.922047866842822
365.6	10.014239513188837
365.8	9.979296724808394
366.	10.190407817207817
366.2	9.841099463111327
366.4	9.999452711067091
366.6	10.072348422183978
366.8	10.028580413875954
367.	10.079552904752488
367.2	9.974574609313022
367.4	10.18083284035916
367.6	9.994641822175897
367.8	9.989243847356073
368.	9.923181598834834
368.2	10.030095262860819
368.4	9.944172114542718
368.6	9.957396534083074
368.8	9.947383366553254
369.	9.970944962134016
369.2	9.980915450123094
369.4	10.132912226812037
369.6	9.971507633664986
369.8	10.099011902265314
370.	10.061693519515577
370.2	10.105595016444992
370.4	9.991486359011565
370.6	10.122192134458148
370.8	9.995379359663309
371.	9.932767491507175
371.2	9.957157226884757
371.4	9.945534531021723
371.6	10.173827133199568
371.8	10.027999668191338
372.	9.861961962830499
372.2	10.135010300218145
372.4	9.919674403332053
372.6	10.125732373859218
372.8	10.034308380003365
373.	10.029335011021784