273.	5.080630301250033
273.2	4.841414001024488
273.4	4.89155271718565
273.6	5.071752984054787
273.8	4.873428098845645
274.	5.081183608871473
274.2	4.973901467511122
274.4	4.963609901689677
274.6	5.004268747892831
274.8	5.020462587820235
275.	5.0172607190465515
275.2	4.959510429981567
275.4	5.0199752204176
275.6	5.0651534124799245
275.8	4.943788247205697
276.	5.233742105205559
276.2	5.0274283095390055
276.4	5.102899920612507
276.6	4.979704086643623
276.8	4.9165841814938265
277.	4.995724642210767
277.2	4.988982122894674
277.4	4.809758400317343
277.6	5.023438545126935
277.8	4.9355796647570305
278.	5.123502427359789
278.2	4.955228728502266
278.4	5.125060390869894
278.6	4.916990002833184
278.8	5.044527680792624
279.	5.083619324720811
279.2	4.883432547680743
279.4	4.966982740754182
279.6	4.987349070884135
279.8	4.986069862923275
280.	4.951871226422447
280.2	4.887212399436474
280.4	4.920540248021833
280.6	4.961327293050154
280.8	4.887624542489861
281.	5.140052686819266
281.2	4.9150881898203265
281.4	5.081328320757656
281.6	5.011159182197978
281.8	5.002855724740866
282.	4.878098585791634
282.2	5.113882395076046
282.4	5.041067755552271
282.6	4.955911356299399
282.8	5.0294958669973475
283.	5.07005641629433
283.2	4.867347769391576
283.4	5.0704829483512865
283.6	5.019081771464315
283.8	5.091946482433559
284.	4.973406978314058
284.2	5.135287296635241
284.4	4.997707401172786
284.6	5.047886933989475
284.8	4.8570030679148095
285.	4.95236753345926
285.2	5.013215061972553
285.4	4.982715014419758
285.6	4.951539224880717
285.8	4.8955324072195125
286.	4.982104290382828
286.2	4.863572429033148
286.4	5.073195806503346
286.6	4.766356593730241
286.8	4.99387443344682
287.	4.858406984347609
287.2	4.980684971855796
287.4	5.055704601225511
287.6	5.023907598535031
287.8	5.017686014903905
288.	4.87115693862285
288.2	4.924602587688487
288.4	5.00826656645666
288.6	5.063782273744421
288.8	5.008112024491727
289.	4.928172784816977
289.2	5.267412291023859
289.4	5.126689379183119
289.6	5.006352214119157
289.8	5.017054547166096
290.	4.927317062547866
290.2	5.066113883473236
290.4	5.093619140384846
290.6	4.870385680900303
290.8	4.914342301431489
291.	4.995826702257903
291.2	4.940377489421682
291.4	4.933945772095872
291.6	4.920475202713199
291.8	4.893065307634299
292.	5.0418365205124775
292.2	4.991951794333779
292.4	5.1076766490966765
292.6	4.985123487685618
292.8	5.203739540019486
293.	5.120401762119335
293.2	4.921263731591075
293.4	4.865057883768341
293.6	5.208130568456134
293.8	5.075621256206294
294.	4.9343142126840185
294.2	4.866534198565905
294.4	4.845346707471325
294.6	5.066874515168763
294.8	4.846517641074561
295.	5.140535965790374
295.2	4.806659890355585
295.4	5.1807275352031015
295.6	5.068243343242592
295.8	4.962903199170404
296.	5.095379690416898
296.2	4.871715424236486
296.4	4.984790247770837
296.6	5.174810029387416
296.8	5.043966663671075
297.	5.048244450485131
297.2	4.9597613188731025
297.4	5.069609112453505
297.6	5.021642081761872
297.8	5.075027636878566
298.	4.947942748798838
298.2	4.936766531146144
298.4	4.969986340034657
298.6	5.09862370475428
298.8	5.012861853710426
299.	5.090720979373818
299.2	5.048931498328841
299.4	5.0766974976471655
299.6	5.062557389172046
299.8	5.026172031700711
300.	5.096771659928356
300.2	5.117769254219219
300.4	4.920685811876607
300.6	4.921960532473987
300.8	4.975035578291379
301.	4.85898866268094
301.2	4.890682749443752
301.4	4.9703184603819555
301.6	4.953708845346797
301.8	4.916702398835209
302.	4.826921824409124
302.2	4.93099100608212
302.4	4.922792414869981
302.6	4.970389739270919
302.8	5.066971743855376
303.	5.111241938708735
303.2	4.870626466193222
303.4	4.8324563235846405
303.6	5.0425791159046165
303.8	5.064706187203536
304.	4.909684794577955
304.2	5.0568229727820935
304.4	5.098517587102092
304.6	4.827120032047028
304.8	4.953625499834384
305.	5.085103311752725
305.2	4.873113555493451
305.4	5.025956758809028
305.6	5.153928957691833
305.8	5.000261167951096
306.	5.052928901903612
306.2	4.92689020099616
306.4	4.967098969866995
306.6	5.021073171723281
306.8	4.909489597167275
307.	4.973203962462635
307.2	5.0450882672705335
307.4	5.020816223867594
307.6	4.920574530391789
307.8	5.029533612166863
308.	4.939141558681221
308.2	5.134198033282408
308.4	5.089696042773017
308.6	4.910733636817798
308.8	4.871025671354922
309.	5.033752560831721
309.2	5.067766316200019
309.4	4.771542363999056
309.6	5.023305970662385
309.8	4.886527494860488
310.	4.993966396197749
310.2	4.85998880223469
310.4	4.99666415197627
310.6	4.95798309689767
310.8	5.009659421325855
311.	4.998951837993644
311.2	4.968475558651881
311.4	5.095306903389812
311.6	4.834078766542672
311.8	4.915841427032228
312.	4.849507780742714
312.2	5.104147515219022
312.4	4.996510272062141
312.6	4.908949926732303
312.8	4.981618018779721
313.	4.922032927305478
313.2	5.053566250297924
313.4	4.915227620137303
313.6	4.858127249361736
313.8	4.987881074936931
314.	5.11384298196659
314.2	5.064684974877746
314.4	5.009535215421319
314.6	5.042663910011681
314.8	4.96122858042315
315.	4.974672271081742
315.2	4.988816964321516
315.4	5.07522519262478
315.6	5.053576527014488
315.8	4.950930233880676
316.	5.074486947311543
316.2	5.1465291076020225
316.4	5.159051160091691
316.6	5.077232186400953
316.8	4.998636161434366
317.	5.0005957431663175
317.2	5.203863091751818
317.4	5.169853969518044
317.6	5.070494104697235
317.8	5.200981880167749
318.	5.065560670697309
318.2	5.063977816407686
318.4	5.092987667247097
318.6	5.149295371963947
318.8	5.049152730655591
319.	5.227469263841008
319.2	5.354392756542449
319.4	5.377554785308603
319.6	5.407953082299341
319.8	5.536941678273591
320.	5.2930416641280456
320.2	5.529458432136029
320.4	5.461916462897562
320.6	5.480911637807099
320.8	5.531733983178916
321.	5.744568364695319
321.2	5.6899703037156355
321.4	5.663520197587907
321.6	5.8805051428967845
321.8	5.839272883143665
322.	6.072440192082069
322.2	5.859704064640611
322.4	6.003964210110816
322.6	6.083928447154793
322.8	6.326413796926734
323.	6.359890478640843
323.2	6.317450174782188
323.4	6.549474785954202
323.6	6.582275523682988
323.8	6.534762445394508
324.	6.834651797162204
324.2	6.932191723774278
324.4	7.003610043779401
324.6	7.368843816615872
324.8	7.3677941757954795
325.	7.299257753036479
325.2	7.591833241966693
325.4	7.6150390377619965
325.6	7.752660649076215
325.8	7.997656677911779
326.	8.076730854890416
326.2	8.10409894703572
326.4	8.337413754105302
326.6	8.346405033879744
326.8	8.3953417874539
327.	8.547171434427582
327.2	8.524908568312668
327.4	8.6516476999157
327.6	8.807195770969484
327.8	8.908351790363602
328.	8.95065806151848
328.2	9.0740498549863
328.4	9.133037775536309
328.6	9.171440889761394
328.8	9.183788736068903
329.	9.280047197917357
329.2	9.36601084677168
329.4	9.186439155023583
329.6	9.517001619102224
329.8	9.562914394170175
330.	9.433889160462527
330.2	9.66194233306178
330.4	9.702618465449962
330.6	9.694948798240025
330.8	9.694348601610217
331.	9.738599767885015
331.2	9.62472977232348
331.4	9.679961518946708
331.6	9.76553870134218
331.8	9.85013692262287
332.	9.749560840145872
332.2	9.880765031170208
332.4	9.881154101032603
332.6	9.855582303587248
332.8	10.04294357344819
333.	9.780197118976098
333.2	9.894175865776768
333.4	9.913325724990733
333.6	9.886098238389117
333.8	9.894256272571896
334.	9.98548392260339
334.2	9.831187774202107
334.4	9.912932359134743
334.6	9.890362139133732
334.8	9.970871191056856
335.	9.942414778664775
335.2	10.028197659394067
335.4	9.990398167788092
335.6	10.030206498565123
335.8	9.911401457114318
336.	10.00700225309128
336.2	10.057413654080783
336.4	10.061167143552048
336.6	9.930461812840026
336.8	10.038618786663225
337.	10.019672925479707
337.2	9.911223574251592
337.4	9.904614874608619
337.6	9.779299189486741
337.8	9.958229006224169
338.	9.943961708620972
338.2	10.104138034999657
338.4	9.963089533095637
338.6	10.041133246551635
338.8	9.976389205341937
339.	9.964462036877476
339.2	9.946626527139335
339.4	10.034739723610139
339.6	10.09846986984984
339.8	9.953796240259088
340.	9.8868310725379
340.2	9.925520030599783
340.4	9.996615019840492
340.6	9.87742441873465
340.8	9.997654683862583
341.	9.895802821072277
341.2	10.053826773000718
341.4	10.123933704902456
341.6	9.962173984713022
341.8	10.12566053720977
342.	9.91247629588184
342.2	9.912399130578468
342.4	10.10276930016468
342.6	10.082119491872085
342.8	9.963767112195743
343.	9.878065094658089
343.2	10.161132199218725
343.4	10.026245139106386
343.6	10.057732950407992
343.8	10.035157451638339
344.	10.006497096096124
344.2	10.067008725136533
344.4	9.99459929634337
344.6	9.930211051869412
344.8	10.033751135178784
345.	9.90724484600033
345.2	10.020889304436954
345.4	10.037463980582439
345.6	10.000917212612343
345.8	10.045343785031788
346.	9.919403378151673
346.2	10.02079288675018
346.4	10.094227336280808
346.6	10.045560141337855
346.8	9.85026107324966
347.	9.948345411373735
347.2	9.936953481384572
347.4	10.061512321558306
347.6	9.927232917851066
347.8	10.005771119785035
348.	10.00821371716811
348.2	9.979698700566825
348.4	10.045503352663308
348.6	9.889919539801692
348.8	9.916773314204306
349.	9.954438393520777
349.2	10.05492558479457
349.4	10.103067008293504
349.6	9.926480767029897
349.8	10.096726223894569
350.	10.021176987281246
350.2	10.061143199276222
350.4	10.115254960412491
350.6	9.904277260232409
350.8	10.046971043183172
351.	10.031654468377578
351.2	9.919251947381817
351.4	9.936262350085547
351.6	10.010348988584093
351.8	9.878298152553345
352.	9.972342644679143
352.2	9.970638270110882
352.4	9.957242785527257
352.6	9.907501618393995
352.8	9.975378917663859
353.	10.179127497509926
353.2	9.973660124071658
353.4	10.004126494010444
353.6	10.038063806433339
353.8	10.07504920930253
354.	10.017567704983957
354.2	9.883058122763698
354.4	9.959077963328088
354.6	10.047958603872477
354.8	9.98462574671801
355.	9.960529689517022
355.2	10.074896227969527
355.4	9.960018980190338
355.6	9.94480270789835
355.8	10.034552788610467
356.	10.02077067317589
356.2	10.013982960692857
356.4	9.992960695646882
356.6	10.076774769819158
356.8	10.139249916251092
357.	10.240357270522082
357.2	10.003724291197289
357.4	9.930828204510993
357.6	10.045037763219943
357.8	9.964125543385192
358.	10.017235778667285
358.2	10.022031400017822
358.4	9.854147353593355
358.6	10.122220975037875
358.8	9.982137324500567
359.	10.135408270416553
359.2	9.956650514856642
359.4	10.167802600257577
359.6	10.056299397135959
359.8	9.956426551074427
360.	10.081709367054703
360.2	10.099447582501758
360.4	10.019678076992864
360.6	10.0653489578796
360.8	9.950061813762684
361.	10.111663774180924
361.2	9.98235458868228
361.4	10.050150344528184
361.6	10.087778437812824
361.8	9.979796453315986
362.	10.02754234934796
362.2	9.959779578006627
362.4	10.107826688095471
362.6	10.049183348493422
362.8	10.040978812730636
363.	9.969322741455628
363.2	10.000731984525986
363.4	9.898014814873502
363.6	10.085956526237618
363.8	9.965737937656266
364.	10.169902712595043
364.2	10.031117560009218
364.4	10.02242432958802
364.6	9.879685496803878
364.8	9.994126298359914
365.	9.94826657001523
365.2	9.915345861327038
365.4	10.059086484284457
365.6	10.002463920128204
365.8	9.95099186958858
366.	10.003445527612508
366.2	10.056429438018718
366.4	10.043500898791844
366.6	9.970577818503422
366.8	10.196485136932921
367.	9.9996675256644
367.2	9.924234857486002
367.4	9.906643642217912
367.6	10.027608819414747
367.8	9.938335472616787
368.	10.085870358355214
368.2	10.033652938804043
368.4	9.976524815103541
368.6	9.958170824880588
368.8	9.948719468464482
369.	9.902525355253902
369.2	9.946230537102872
369.4	9.9684894287516
369.6	10.054178824659585
369.8	10.012427607656075
370.	9.940185624095134
370.2	10.031045699988535
370.4	9.982781106763769
370.6	10.09614021291496
370.8	10.099258746155535
371.	9.905308940231274
371.2	9.929719113406982
371.4	10.058496772325931
371.6	10.028472206113735
371.8	10.007222146688727
372.	10.139202895529895
372.2	10.060500205384647
372.4	9.931135713466254
372.6	10.043350035899412
372.8	9.918275419644429
373.	10.030267425801858