273.	5.04552715355701
273.2	5.0980966266539625
273.4	5.094989881212448
273.6	5.069823370071552
273.8	5.026945782749972
274.	5.030716670109982
274.2	4.921060971091189
274.4	4.837342700689658
274.6	4.955482052797309
274.8	5.069164233004249
275.	4.991576137721354
275.2	5.0304922720674705
275.4	4.938135028962618
275.6	5.0759555898459645
275.8	4.868069472071397
276.	5.041667137540262
276.2	4.980101969401816
276.4	4.967114880774739
276.6	5.079195976500422
276.8	5.016614627012793
277.	4.961350929246376
277.2	4.940975291685252
277.4	5.021006250027839
277.6	4.973043658310958
277.8	4.892251633044545
278.	4.994955983315065
278.2	5.019605174795601
278.4	5.084190334718679
278.6	5.040353891927089
278.8	4.974944685681624
279.	5.038293490572072
279.2	5.0389186217407085
279.4	4.9470254534593785
279.6	4.998667569915691
279.8	4.971488324345109
280.	5.032883177962697
280.2	4.994490731426716
280.4	4.9133054407787125
280.6	4.953694744604811
280.8	4.818828938630802
281.	5.053463944353073
281.2	5.001786535126313
281.4	5.034931467537201
281.6	5.049427144432435
281.8	4.852004587090024
282.	4.893274637560714
282.2	5.024440344232432
282.4	5.015763956283748
282.6	4.928398887401282
282.8	4.982716320780617
283.	5.003677094505274
283.2	5.059604365882765
283.4	5.093095272295634
283.6	5.04869668623814
283.8	5.08016532820279
284.	5.03218916289575
284.2	4.917802627607969
284.4	4.980532952360355
284.6	5.053378864634871
284.8	5.059257406208994
285.	4.977560620628548
285.2	4.952065787909479
285.4	5.061708588118247
285.6	4.982101797578939
285.8	5.1589375385899165
286.	4.96726090475849
286.2	5.082363014932472
286.4	4.926486625456397
286.6	4.971928951594596
286.8	5.031865519208451
287.	4.984612178405663
287.2	5.089650689859751
287.4	4.880699617787685
287.6	4.933755823184442
287.8	4.984346263210532
288.	5.011889020604623
288.2	5.037011465806482
288.4	5.091672744105614
288.6	5.121464656433201
288.8	4.9732241474112
289.	4.884820031419116
289.2	5.1238994970715535
289.4	5.036889237823946
289.6	5.053606343807703
289.8	4.904747045936046
290.	4.964800526689856
290.2	5.0561204514634674
290.4	4.950774191467489
290.6	5.025287944058861
290.8	4.8927954323103044
291.	5.059813546643424
291.2	5.0268450749127265
291.4	4.9159849767549595
291.6	5.072381553942071
291.8	4.94154174639121
292.	5.136029676081904
292.2	5.066198146041825
292.4	4.980244476600051
292.6	5.059650407418849
292.8	5.065206824757686
293.	5.04764522540245
293.2	4.883645100954836
293.4	5.080504782497009
293.6	5.029395323564345
293.8	5.0138138365313205
294.	5.028265096554539
294.2	5.01053692088013
294.4	4.998385772538705
294.6	5.059522050075575
294.8	5.102899059511894
295.	5.030234464245831
295.2	5.03662447539322
295.4	5.165265230211815
295.6	4.9803131479265215
295.8	5.006339779539613
296.	4.864902078799735
296.2	5.144972584568946
296.4	4.939375363228944
296.6	5.041726590003228
296.8	5.056395501097853
297.	4.9667007324104935
297.2	5.097855155640228
297.4	4.939636361910195
297.6	5.106269005821812
297.8	4.93348235845846
298.	4.970974858482062
298.2	5.043030064001287
298.4	5.042652029855158
298.6	5.029915902235821
298.8	4.804935802565927
299.	5.161725428635057
299.2	4.914783920153967
299.4	4.978668010167775
299.6	4.980867841120636
299.8	4.920912289714971
300.	5.003078852166693
300.2	5.062929748194586
300.4	5.017428092863365
300.6	5.033887858356892
300.8	5.074916861051385
301.	4.826863768190332
301.2	4.930707031975417
301.4	4.970552344182784
301.6	5.0033615496366295
301.8	5.09482583451031
302.	5.2060227134604595
302.2	4.832619671651549
302.4	4.990538684393605
302.6	4.896056475932269
302.8	5.043370259261539
303.	5.0237332567615205
303.2	4.9909618133815155
303.4	5.0800225264417795
303.6	5.089986463021895
303.8	4.87297954096243
304.	5.064863809494998
304.2	4.997727960090145
304.4	5.081205861596724
304.6	5.017573004955178
304.8	5.024290993123328
305.	4.929316051703566
305.2	4.96786326475613
305.4	5.079760958365803
305.6	4.937240370993305
305.8	4.944620088861187
306.	4.860085064176967
306.2	5.133397056290613
306.4	4.982710146373286
306.6	4.950694434810852
306.8	5.028699792181006
307.	5.063012766350676
307.2	4.9751918512671445
307.4	4.850664663320077
307.6	4.893446246452926
307.8	4.964758957813438
308.	5.02007081148344
308.2	5.0829671114998725
308.4	4.979513964970418
308.6	5.085522946914253
308.8	4.919728384757359
309.	4.99808383533324
309.2	5.016254568052438
309.4	4.903400655661418
309.6	5.135833653219625
309.8	5.127960267609011
310.	4.995922807190129
310.2	4.940028556179158
310.4	5.109404990041979
310.6	4.967307592037308
310.8	4.8828454061571875
311.	4.914897756901291
311.2	5.0789393584016365
311.4	5.087662153359746
311.6	4.998572255435178
311.8	4.838809599370393
312.	5.0427835660518285
312.2	4.9614478184946895
312.4	4.954620823866467
312.6	5.021560182800123
312.8	4.901778563409541
313.	5.035530497819924
313.2	5.041904178961627
313.4	4.956146797153292
313.6	5.005218777203415
313.8	4.968549693386885
314.	4.816062407523735
314.2	5.0269146599384325
314.4	4.94099496722389
314.6	5.0298375702497875
314.8	5.083275527873658
315.	5.205425529323647
315.2	4.85542075827886
315.4	5.0505478913826405
315.6	4.969808570219252
315.8	5.090094605334406
316.	5.0471227005733255
316.2	4.835144307963231
316.4	4.974930702153288
316.6	5.0449732400807346
316.8	5.119763946714266
317.	4.907058040544472
317.2	5.058146470637776
317.4	4.907934768956493
317.6	4.996838242630374
317.8	4.967783070178106
318.	5.2659679070028975
318.2	4.893819426201769
318.4	5.151503886224131
318.6	5.195045848882979
318.8	5.0448857548398
319.	5.130850558005324
319.2	5.054842532597967
319.4	4.943909665468317
319.6	4.91303678738374
319.8	5.235780596960355
320.	5.197755392140773
320.2	5.007245334308999
320.4	5.212297137183986
320.6	5.255828944480202
320.8	5.155229185410797
321.	5.320690891902925
321.2	5.22427032200617
321.4	5.248382149640329
321.6	5.192170798062413
321.8	5.158761104983455
322.	5.257229696178832
322.2	5.159546469399752
322.4	5.361023705395593
322.6	5.3772321465482165
322.8	5.510727084404733
323.	5.481814365012074
323.2	5.437509931821214
323.4	5.575527860530251
323.6	5.587201621954516
323.8	5.60973440370139
324.	5.6830011801245295
324.2	5.65454610989311
324.4	5.817301188012038
324.6	5.756895655299665
324.8	5.8571149070978406
325.	5.870991774583897
325.2	5.990775284543342
325.4	6.050446475423118
325.6	6.209310102394415
325.8	6.18881905752195
326.	6.396722787954418
326.2	6.4535484073203095
326.4	6.640562748759292
326.6	6.390384108766112
326.8	6.772679202700415
327.	6.850289564813636
327.2	6.952562035195142
327.4	7.118645643273208
327.6	7.031584449734136
327.8	7.134721382286991
328.	7.317866243738274
328.2	7.520351698226244
328.4	7.594967653022013
328.6	7.850328301488946
328.8	7.7816462552714345
329.	7.903977048213002
329.2	8.01951990054401
329.4	8.140890826807945
329.6	8.312996823099649
329.8	8.366292265267406
330.	8.504563054201727
330.2	8.652558484560984
330.4	8.798179010854268
330.6	8.759060949839187
330.8	8.81771164833887
331.	8.84754038519401
331.2	9.049925281833742
331.4	9.104933500759469
331.6	9.080877399551126
331.8	9.128084940987021
332.	9.197067451532963
332.2	9.400275006928497
332.4	9.290833126568486
332.6	9.448949317057535
332.8	9.448894018774459
333.	9.488995391021357
333.2	9.590544971267217
333.4	9.68358115249272
333.6	9.60583664437051
333.8	9.73498817276553
334.	9.743534129719928
334.2	9.513177958176634
334.4	9.614620723355804
334.6	9.65967314991765
334.8	9.893278310350938
335.	9.796157254839665
335.2	9.709341485049917
335.4	9.78845466770545
335.6	9.759325208997772
335.8	9.752665826469972
336.	9.916433679817239
336.2	9.808222591870114
336.4	9.906967191627745
336.6	9.971695070836466
336.8	9.89093985557555
337.	9.802649144191399
337.2	9.854082731266958
337.4	9.868501542072224
337.6	10.066433007491675
337.8	9.930336102050425
338.	9.877147484683743
338.2	10.001214768808808
338.4	9.947848566527554
338.6	9.782882693398633
338.8	9.88709754949662
339.	9.86721204763017
339.2	9.872217931562856
339.4	10.048102862135382
339.6	10.015211747386422
339.8	9.9073479354718
340.	10.052353187355854
340.2	9.9875056693344
340.4	9.959002971250646
340.6	9.91150242595335
340.8	10.008390720928093
341.	9.997988028639943
341.2	9.959999088035033
341.4	9.959808647018244
341.6	10.07602767906227
341.8	10.079432194602958
342.	10.054840267926743
342.2	9.923765998311914
342.4	10.13657254096822
342.6	9.931928772000257
342.8	9.96459818651706
343.	10.048679159442749
343.2	10.014738130401645
343.4	9.97704517666348
343.6	10.080616970283048
343.8	10.120290307334864
344.	10.046201207281797
344.2	10.08869946666321
344.4	10.171328468567593
344.6	10.011390822945689
344.8	10.165269745550198
345.	10.068654558336258
345.2	10.010466446069115
345.4	9.956394404471743
345.6	9.949553329136194
345.8	9.936763709491546
346.	9.983722373231522
346.2	9.905196197227571
346.4	10.023915069251542
346.6	9.856890448111537
346.8	10.036920969084346
347.	9.953679443468257
347.2	9.993524498324415
347.4	9.900087196782115
347.6	10.059766252157006
347.8	10.086271337288363
348.	9.983507110203936
348.2	9.907786171746022
348.4	9.914300393811947
348.6	10.153710071841573
348.8	10.01408487532956
349.	9.97345337247721
349.2	10.20299796154409
349.4	10.045094620492526
349.6	10.027551539908549
349.8	9.849739710326416
350.	9.984070410021278
350.2	10.013569150013376
350.4	10.049794031437385
350.6	9.926079926365002
350.8	9.929028093748007
351.	9.937675011639001
351.2	9.9420483957016
351.4	10.056660232017189
351.6	9.952999009646256
351.8	9.980469379328905
352.	9.88591886416747
352.2	10.036994932939844
352.4	10.057824593656258
352.6	10.00513637883301
352.8	10.029304501345212
353.	10.03410754848172
353.2	10.042957757956996
353.4	9.861695995797659
353.6	10.008934805013945
353.8	9.971587948074571
354.	9.977328417438711
354.2	10.026258574848848
354.4	10.032517902430525
354.6	10.193675247767176
354.8	10.160948363443152
355.	10.037218627791631
355.2	10.075747265141437
355.4	10.08815471542191
355.6	10.19359665099215
355.8	9.878445888879348
356.	10.050252881009287
356.2	10.058048340125115
356.4	10.01369651650136
356.6	10.061209789139578
356.8	10.05058646829654
357.	10.076725069080107
357.2	10.069385564106003
357.4	10.083125219077488
357.6	10.07677651409407
357.8	10.026840300819813
358.	10.111488124382332
358.2	9.947893308600433
358.4	9.99829516049653
358.6	10.051928649559311
358.8	10.106174004744338
359.	10.076750757943115
359.2	10.079577511637629
359.4	10.164754271585666
359.6	10.032319084653274
359.8	10.060746241482601
360.	10.034788933683584
360.2	10.011767119166658
360.4	9.991378596848046
360.6	10.080707805988615
360.8	9.90242240560922
361.	9.918657959823129
361.2	9.822366988867707
361.4	9.93273038290039
361.6	9.902023283960311
361.8	9.935337216422278
362.	9.91246141826443
362.2	9.950900869054264
362.4	9.989450041688007
362.6	9.989619725863642
362.8	10.077387039154635
363.	9.932203510936317
363.2	9.84063973339698
363.4	10.045366160438235
363.6	10.188772121453574
363.8	10.001587787264997
364.	9.920884592235849
364.2	9.917643036522282
364.4	10.194964955138085
364.6	10.077837987480176
364.8	9.913750460157308
365.	9.981325893223348
365.2	9.93104998813987
365.4	10.005474491025542
365.6	10.09478329428667
365.8	9.914931464893083
366.	10.09583959729029
366.2	10.054935825168663
366.4	9.960118721553277
366.6	9.837819488537635
366.8	9.965707845127845
367.	9.91156986526365
367.2	10.084623533420825
367.4	10.002614112546443
367.6	9.85514930933664
367.8	9.782262771895594
368.	9.977492368275204
368.2	10.047905376018711
368.4	10.036777888097543
368.6	10.165570291643055
368.8	9.92706273921892
369.	9.718718852540594
369.2	10.0210639715558
369.4	10.098343453074156
369.6	10.083743870058784
369.8	10.01657125135026
370.	9.877781656471978
370.2	9.961725208055189
370.4	10.026390657848774
370.6	9.963709076932611
370.8	10.127179784197544
371.	9.945545484762297
371.2	9.932190092382491
371.4	10.04925891293594
371.6	9.938081051092112
371.8	10.099557027673498
372.	9.94261568208963
372.2	10.041044999798666
372.4	10.096551457047443
372.6	10.04362276378354
372.8	10.107322660406897
373.	9.938636268260318