273.	5.021874619411039
273.2	5.026738894402813
273.4	5.012162640602149
273.6	4.992975701310904
273.8	5.10150356776692
274.	5.1082628759519295
274.2	4.982606800789847
274.4	5.038838284136938
274.6	5.114846289969699
274.8	5.00137571235923
275.	4.903904026274951
275.2	5.035598115703227
275.4	4.905915349664952
275.6	5.056978217922092
275.8	4.90216725938055
276.	4.977540794310903
276.2	4.78298676054923
276.4	5.02328285998134
276.6	5.048046213113837
276.8	4.986170536946161
277.	5.020165791441395
277.2	5.077414338988016
277.4	4.917905812636572
277.6	5.043245924748004
277.8	5.132727855136226
278.	5.158461360396943
278.2	4.940433937022257
278.4	4.889204465730803
278.6	5.06323470770324
278.8	4.939215962845536
279.	5.106765797718902
279.2	5.071942620463343
279.4	5.0006668595615
279.6	5.12626101131507
279.8	5.135755338401301
280.	5.1136322659731
280.2	5.01799437312497
280.4	5.111548983911189
280.6	4.917042372223118
280.8	4.796635189263661
281.	4.995563796794345
281.2	5.088233486122274
281.4	4.953729505955212
281.6	5.054674496911918
281.8	4.835611209305031
282.	5.056187829648594
282.2	4.827498853596473
282.4	5.085407521166216
282.6	4.852705167584355
282.8	5.0320867325455225
283.	5.072713974423525
283.2	4.963886410083839
283.4	4.996517533187058
283.6	4.8983981301703095
283.8	4.888459867573546
284.	4.935056599077295
284.2	5.059144065247958
284.4	4.946542179514937
284.6	4.873071329366499
284.8	5.018238554534049
285.	5.195835262705312
285.2	5.198340431740943
285.4	5.1094102132135895
285.6	4.845148187673941
285.8	5.0033036025034585
286.	5.066655289844078
286.2	5.060662868117971
286.4	4.792191887671795
286.6	5.141692729968668
286.8	5.0003593186740645
287.	4.878120385776101
287.2	5.01337269956666
287.4	4.863185180264246
287.6	5.022316180412482
287.8	4.958715366341612
288.	4.948620837945806
288.2	4.813081186383905
288.4	4.833672878395822
288.6	4.933497519712321
288.8	5.178958276249795
289.	4.903329114537339
289.2	4.986390846286451
289.4	5.095990823127766
289.6	4.908788770702416
289.8	4.9844035996290685
290.	4.9046252916263935
290.2	4.95040125383662
290.4	5.084189212326381
290.6	5.022414854276296
290.8	4.889892582744212
291.	4.85616847154435
291.2	4.882944297669819
291.4	5.07278445177404
291.6	5.106204897505255
291.8	5.07410004857967
292.	5.0117055407063456
292.2	5.032976285193612
292.4	4.932750885666767
292.6	4.973842772625834
292.8	4.859040879521856
293.	5.087747632167452
293.2	5.034163344035777
293.4	4.897780867460419
293.6	4.963099854995365
293.8	4.963017959501615
294.	4.915941064321391
294.2	5.014698825722506
294.4	4.987859013218127
294.6	4.969455532791654
294.8	4.942892537859026
295.	5.07764044102415
295.2	5.007764122658699
295.4	5.159459054267054
295.6	4.994752129764384
295.8	4.934975931567647
296.	5.115619921354041
296.2	5.024751228203026
296.4	4.942460342616493
296.6	5.108416487918761
296.8	5.042093907446324
297.	4.924980022796566
297.2	4.992767976408115
297.4	4.979298318449863
297.6	4.957040591351779
297.8	4.954869559034876
298.	5.155987636871693
298.2	5.160408356835063
298.4	5.0530343399238715
298.6	5.1119536915044295
298.8	4.789929958066863
299.	5.029404984861912
299.2	4.993122570844409
299.4	4.909813394827812
299.6	5.004802574251403
299.8	5.073088788624423
300.	4.952411141264014
300.2	4.966443514534649
300.4	4.931337222510273
300.6	4.9819799257555255
300.8	4.96108912392712
301.	4.901467727877478
301.2	5.044346733394368
301.4	4.902513503210875
301.6	4.9853245769725945
301.8	5.03292631619903
302.	5.025330554981449
302.2	5.067298404435026
302.4	4.8547925467659185
302.6	5.011102520385416
302.8	5.085885133457485
303.	4.9029511814429405
303.2	4.927758417743574
303.4	5.081010610638081
303.6	4.939151229149416
303.8	5.001292136704063
304.	4.988738552074509
304.2	5.018143349270764
304.4	5.020899825728412
304.6	4.941118643895328
304.8	4.94748575290179
305.	5.0418347760496784
305.2	4.884890380343924
305.4	4.944226469343191
305.6	5.034030928572507
305.8	5.022863381582494
306.	4.9755014068810945
306.2	4.9800658887654
306.4	5.105890326255147
306.6	4.982156223033816
306.8	5.034288963800635
307.	5.106003511792728
307.2	5.006947327090431
307.4	5.025422774158427
307.6	5.0025279663715185
307.8	5.043102786476146
308.	5.054481126796782
308.2	4.988960616588594
308.4	4.925010727273461
308.6	4.990055664586334
308.8	4.853206198975781
309.	4.991109007111321
309.2	5.027840595337463
309.4	4.95904169306501
309.6	4.931936385388614
309.8	4.9360355706192705
310.	5.062906849618493
310.2	4.992702802631358
310.4	5.096608063119463
310.6	5.157103435654689
310.8	4.9997331525447395
311.	4.917386070550564
311.2	5.003648309926529
311.4	5.135297311141215
311.6	5.104161252317426
311.8	4.993887366759154
312.	4.979021552711658
312.2	5.073471400995863
312.4	4.955192876800319
312.6	5.111983667848954
312.8	4.93361177011863
313.	5.025650493758374
313.2	4.9749608278437325
313.4	4.973730897143613
313.6	4.932064008252937
313.8	4.960183530872227
314.	5.015973862628447
314.2	5.008794205196062
314.4	5.003004541491444
314.6	4.971289576549797
314.8	5.029013405672495
315.	4.997518329528955
315.2	5.199747287155897
315.4	5.1201665556991625
315.6	5.077394354840099
315.8	5.034523910638178
316.	5.127487018152128
316.2	5.193638867913747
316.4	5.025782759367868
316.6	5.058492966983158
316.8	5.1338404158068505
317.	5.306650650532979
317.2	4.9930443000733
317.4	5.141956674305995
317.6	4.956750584567846
317.8	5.165941991245946
318.	5.1290280525524725
318.2	5.398247714338922
318.4	5.169324104686096
318.6	5.323543526694756
318.8	5.297061411732955
319.	5.096617526936928
319.2	5.339997365682307
319.4	5.359723222427367
319.6	5.427579327313263
319.8	5.411985128444079
320.	5.511955510566227
320.2	5.584897428382673
320.4	5.670298299202513
320.6	5.693558024007616
320.8	5.598998858490152
321.	5.773370650541005
321.2	5.718670516563972
321.4	5.754790218066155
321.6	6.042791940375135
321.8	6.00470767107259
322.	6.0010029097325095
322.2	5.994007327248534
322.4	6.250365106374327
322.6	6.242901468526957
322.8	6.356523179983152
323.	6.479354030800873
323.2	6.542781130838868
323.4	6.640126592953565
323.6	6.554799069287194
323.8	6.774783531774569
324.	6.742329561640361
324.2	6.864490251785992
324.4	7.17423976249256
324.6	7.218308636670977
324.8	7.3505980933562975
325.	7.562627214969548
325.2	7.568065079722103
325.4	7.639889166692408
325.6	7.789965838293417
325.8	7.739044481412951
326.	7.871615411148872
326.2	8.155493872855795
326.4	8.246649746422735
326.6	8.165489766039217
326.8	8.46425733775449
327.	8.508539568152283
327.2	8.594322501021082
327.4	8.647316271401017
327.6	8.767637563285128
327.8	8.661725341916085
328.	8.897040908333654
328.2	9.02616222435031
328.4	8.86760006514555
328.6	9.115996010103459
328.8	9.063335501594088
329.	9.092116075063513
329.2	9.191663699394951
329.4	9.167346751226196
329.6	9.38456682151357
329.8	9.461276899446723
330.	9.454907798237056
330.2	9.468599274043806
330.4	9.519043442366792
330.6	9.604890875883813
330.8	9.584050868962008
331.	9.631850133712394
331.2	9.622325693982988
331.4	9.568856442997106
331.6	9.81735954379324
331.8	9.836395550953569
332.	9.738345798564566
332.2	9.830297354528353
332.4	9.639462161600093
332.6	9.86201968643
332.8	9.715401309052094
333.	9.834296996719232
333.2	9.780078144219935
333.4	9.857687564335958
333.6	9.838788785291149
333.8	9.864617848736522
334.	9.826250008052707
334.2	9.846973124323576
334.4	9.84076907105895
334.6	9.92004011314765
334.8	9.99739123566225
335.	9.923572392502953
335.2	9.830645428532602
335.4	9.849833744382172
335.6	10.019683097505327
335.8	9.884207315448927
336.	9.926448940286763
336.2	9.846827549253753
336.4	9.869652507165096
336.6	9.976124571165178
336.8	9.963385235772819
337.	10.172925321258953
337.2	9.966706012760524
337.4	9.936394811712246
337.6	10.02374875622652
337.8	9.968748265139604
338.	10.117528554975578
338.2	9.906172186543737
338.4	9.871328352923962
338.6	9.967361426865823
338.8	10.123832387376341
339.	10.02484110636315
339.2	9.955314177669786
339.4	9.971889724710202
339.6	9.938471916106339
339.8	9.928413916897423
340.	9.851937634128893
340.2	9.954536805022341
340.4	9.923026527912455
340.6	9.94510437106423
340.8	10.0322964024078
341.	9.970621763350966
341.2	10.024507281682869
341.4	10.000354835609121
341.6	9.984432693997723
341.8	10.105915826303562
342.	10.13057244833794
342.2	9.940672827770173
342.4	9.752056458775826
342.6	10.2096592332366
342.8	10.011664611409095
343.	9.961086695193826
343.2	9.954599223393934
343.4	10.040489119616858
343.6	9.889234532811294
343.8	9.949177264801074
344.	10.103556782418169
344.2	9.991231661688044
344.4	10.140843608506229
344.6	9.912857754937336
344.8	9.852804983621535
345.	9.964035442436419
345.2	9.941046331320749
345.4	10.101569456882775
345.6	10.129259569300984
345.8	10.091510326019383
346.	9.960394734996868
346.2	9.966599586634013
346.4	9.929388244926002
346.6	9.913090932270917
346.8	9.89870738868796
347.	10.0200421400502
347.2	10.146730808827996
347.4	10.129278830552904
347.6	10.005604335993059
347.8	10.042175503118848
348.	9.986410349938664
348.2	10.11313406859753
348.4	10.042123939085796
348.6	9.973560609230663
348.8	9.858759448106298
349.	10.045270697358998
349.2	10.025520591345293
349.4	10.140029332400074
349.6	10.019388782983157
349.8	10.021407359486963
350.	10.175000479848087
350.2	10.172101191461818
350.4	9.958163925810625
350.6	10.06057194304009
350.8	10.019289555097059
351.	10.004115586638433
351.2	9.958487929029323
351.4	10.131345149218566
351.6	9.996509656277512
351.8	10.168181674304975
352.	10.037787922199838
352.2	10.144272022693968
352.4	10.036448426843807
352.6	10.018219878178654
352.8	9.874604850748423
353.	10.07859787124201
353.2	9.931087039253132
353.4	10.0821272922302
353.6	9.984157604593031
353.8	10.067731254630456
354.	10.18536664230184
354.2	9.972674300286116
354.4	10.139753724650047
354.6	9.890159466813532
354.8	10.050071907804028
355.	9.879537148260967
355.2	9.890217423370443
355.4	9.93589579161068
355.6	9.992241620361877
355.8	9.936923923737965
356.	9.97396837397151
356.2	9.881205901746188
356.4	9.96721711059191
356.6	10.004348814535794
356.8	9.934987731599566
357.	10.003247229721941
357.2	9.90676206989088
357.4	10.015577547719577
357.6	10.001259396440055
357.8	9.884391685283779
358.	9.899365149379229
358.2	10.057919230982112
358.4	10.081360016732114
358.6	9.89707675599995
358.8	9.966823932921857
359.	9.95783467330056
359.2	10.002468121854912
359.4	9.936775245305316
359.6	9.945526671112118
359.8	9.935141949977128
360.	9.934645009790497
360.2	10.008470957015348
360.4	10.121407629360975
360.6	10.09413495156334
360.8	10.012536961093854
361.	9.957330503007086
361.2	10.03007603115852
361.4	10.107950270289017
361.6	10.013909752787573
361.8	9.92421998778388
362.	10.008685833732702
362.2	10.051206114624492
362.4	10.0341696232618
362.6	9.925734280658563
362.8	10.056178816990665
363.	9.863882450325198
363.2	10.005038564710265
363.4	10.068495547578017
363.6	10.06809602388096
363.8	10.151165539806406
364.	9.969913067037764
364.2	9.909513448773787
364.4	10.172765760037247
364.6	9.87755140812465
364.8	10.05186061256236
365.	10.071124795011617
365.2	10.047258431651992
365.4	9.897862791944934
365.6	10.123640766687485
365.8	9.990382579115785
366.	10.006330582594726
366.2	9.987550426942732
366.4	9.906120707114129
366.6	9.993055819136798
366.8	9.906475102304626
367.	9.916952525604954
367.2	10.00935454583851
367.4	9.948568851414068
367.6	10.060800093239225
367.8	10.106221245398352
368.	10.059964806496586
368.2	9.848693330864046
368.4	9.944844704163312
368.6	10.027254196076047
368.8	10.130479824059071
369.	9.970322397175144
369.2	9.931163377709053
369.4	10.053782410275522
369.6	10.016744781825325
369.8	10.008491700346603
370.	10.031180023026325
370.2	10.022863049607947
370.4	10.120687978186702
370.6	9.957835167539375
370.8	9.958214670742292
371.	10.051198550518771
371.2	10.000197862937998
371.4	9.966647513474452
371.6	9.993490519405691
371.8	9.960658278513323
372.	10.092944091657644
372.2	10.023289479587175
372.4	10.064583533306829
372.6	10.041783206117449
372.8	10.10050387143036
373.	9.828553632245628