273.	5.052367810416022
273.2	4.989542927216584
273.4	5.0214710459303795
273.6	5.05244925433337
273.8	4.9617944797906866
274.	4.888784214942116
274.2	5.031323928229959
274.4	4.879595064824991
274.6	5.0400577362357675
274.8	5.0450284528724145
275.	4.895127531560156
275.2	4.978021303820709
275.4	4.934885659861194
275.6	4.9528676312764786
275.8	4.952105606535875
276.	4.898175662820809
276.2	5.036714239483119
276.4	5.162350877805673
276.6	5.0295092177777585
276.8	4.940102924918906
277.	5.173129356634288
277.2	4.899276071327
277.4	4.966322029473061
277.6	4.992681989768732
277.8	4.976718541627669
278.	4.963942036783901
278.2	4.975135595132436
278.4	4.977359968141756
278.6	4.89167855369309
278.8	4.979665847839971
279.	4.901059246561583
279.2	4.926524178732327
279.4	4.900351848152624
279.6	5.156828844857241
279.8	5.016604138230276
280.	5.00399529233321
280.2	4.883280032615769
280.4	5.1452873060694575
280.6	5.012003728408914
280.8	4.982561213963348
281.	4.967015247675078
281.2	4.9488630913061575
281.4	5.0961251637750316
281.6	5.062169364982843
281.8	4.942627937034425
282.	5.044251592282394
282.2	4.990227927937354
282.4	5.038919339229638
282.6	5.063471467942615
282.8	5.066786022246236
283.	4.984610235565569
283.2	4.976802093106904
283.4	5.12345804800981
283.6	5.054056530927408
283.8	5.055967293912568
284.	5.132411251605863
284.2	5.020552492884493
284.4	5.024445554425712
284.6	5.019795054657431
284.8	5.052161637106554
285.	5.147843916970144
285.2	5.036206211675749
285.4	5.05509961961414
285.6	5.110905297518602
285.8	5.009090279250452
286.	5.059123295139845
286.2	4.960698815170017
286.4	5.09382096476109
286.6	5.004964352726752
286.8	5.041190283295625
287.	4.930255952779942
287.2	4.882687346202866
287.4	4.871342885119483
287.6	4.924282335400864
287.8	4.996672603349096
288.	4.886517269802612
288.2	5.224104696780073
288.4	4.921860589247575
288.6	5.012974835603392
288.8	4.848581119921579
289.	4.915635125184875
289.2	4.960927001357987
289.4	4.9592158612247195
289.6	5.0755215505454645
289.8	5.024710770942277
290.	4.8224950698880065
290.2	4.948521928325323
290.4	5.065817379194849
290.6	4.95154323346579
290.8	4.834467064732094
291.	4.949531695486914
291.2	5.018288245681502
291.4	5.1514262883103985
291.6	4.854327836095008
291.8	5.007755668337178
292.	4.9136061928502865
292.2	5.107068923380694
292.4	5.075781024268776
292.6	4.930755108071477
292.8	5.0334465430148825
293.	5.059535715322569
293.2	4.980937894623993
293.4	4.959400128329317
293.6	5.024942217935296
293.8	4.986657343702582
294.	4.971225585697643
294.2	4.993042836867815
294.4	5.03847978057993
294.6	4.932475358378904
294.8	4.961323688622945
295.	5.077812024295677
295.2	4.937857227363972
295.4	5.028044480784507
295.6	5.144334082204502
295.8	5.150031722892606
296.	5.136187957571799
296.2	4.987210237617081
296.4	4.981207163626704
296.6	5.012593318765724
296.8	5.071402133656236
297.	4.891691002628038
297.2	4.999446350187824
297.4	4.888260000056436
297.6	4.972544414700395
297.8	5.016680278335552
298.	5.081313532143517
298.2	4.9904819058914445
298.4	5.103619617347441
298.6	4.9647575836538875
298.8	5.057529390124273
299.	4.953619722513572
299.2	5.008234945441288
299.4	5.078353868693148
299.6	5.0557228165160435
299.8	4.877484846587835
300.	4.994781797351038
300.2	4.950553188858483
300.4	4.861322554124221
300.6	5.068582892895954
300.8	4.972682342529465
301.	4.959382379152969
301.2	4.930535762155736
301.4	5.242605727461982
301.6	5.045255771468298
301.8	5.096083621644387
302.	5.019513771004118
302.2	4.850764581567313
302.4	5.095972548336655
302.6	5.029311387917229
302.8	4.887516267525825
303.	5.134257770536296
303.2	5.107317095073013
303.4	4.9539518286617135
303.6	4.982099199481521
303.8	5.009073479638328
304.	4.88079914236951
304.2	4.996080717761913
304.4	4.9674528657605315
304.6	5.007539356561765
304.8	4.872628053904622
305.	5.045439083412512
305.2	5.031590800059992
305.4	5.056278608540598
305.6	5.047144014531293
305.8	5.001716914689184
306.	5.051843671123185
306.2	4.879453972419777
306.4	4.92340012174894
306.6	4.99950348965161
306.8	4.94300763274544
307.	4.770059229614509
307.2	5.095824314138937
307.4	4.8622108579159375
307.6	5.034613025694178
307.8	4.897441180395228
308.	4.942677513021448
308.2	5.000236552426736
308.4	5.006434077675701
308.6	5.012550133751173
308.8	4.9681331115103236
309.	5.29763747328564
309.2	5.090425946507899
309.4	4.990429994569815
309.6	5.038287310708718
309.8	5.054626940659027
310.	5.180804272302226
310.2	4.901011321107519
310.4	4.958479031790858
310.6	4.977814716717499
310.8	4.94281355440623
311.	4.974017902314279
311.2	5.067635117525684
311.4	4.976219299837576
311.6	5.0707473782153025
311.8	5.0526080984941375
312.	5.002537404380825
312.2	5.178006954026484
312.4	5.022635278864987
312.6	4.983756933516444
312.8	5.066113065480786
313.	5.151595439560961
313.2	4.962319731209913
313.4	4.939477648342732
313.6	5.019337808563039
313.8	5.155308783821257
314.	5.085346164625749
314.2	5.159877781662511
314.4	5.160911052461232
314.6	5.17857551843081
314.8	5.066100989811997
315.	5.112180523018512
315.2	5.133930427743547
315.4	5.093484477562892
315.6	5.134551855262443
315.8	5.347811484401886
316.	5.320895345304776
316.2	5.325315982754788
316.4	5.375722044641389
316.6	5.514507853825266
316.8	5.49835617893158
317.	5.464110730517803
317.2	5.318426857058153
317.4	5.503305071608325
317.6	5.552935272365149
317.8	5.506167212264599
318.	5.613159272115573
318.2	5.631108625414361
318.4	5.778608220161211
318.6	5.856775289895738
318.8	5.96426627452454
319.	6.046645680230525
319.2	6.188667422153667
319.4	6.148596168357284
319.6	6.470719820636448
319.8	6.534051662766465
320.	6.697451567453744
320.2	6.811624547162096
320.4	6.898830768766713
320.6	7.091208774342067
320.8	7.146746708481856
321.	7.430677711355293
321.2	7.652149758378179
321.4	7.481648967929389
321.6	7.807951266000281
321.8	7.999059184439232
322.	8.210583113714865
322.2	8.232812515962058
322.4	8.452045261266667
322.6	8.536952478016238
322.8	8.626266834141258
323.	8.721670265999137
323.2	8.867498468837619
323.4	8.985958659912358
323.6	9.091763215985019
323.8	9.0552944393469
324.	9.233489630820788
324.2	9.21850964320882
324.4	9.345935777654976
324.6	9.297009546130159
324.8	9.349565665299563
325.	9.436882553815066
325.2	9.620257969956356
325.4	9.665686854822686
325.6	9.593174684688497
325.8	9.885210074937012
326.	9.497768984800384
326.2	9.678530761517987
326.4	9.69859955030222
326.6	9.79060489717236
326.8	9.857795635780214
327.	9.767500543058214
327.2	9.835139483616592
327.4	9.942048948871712
327.6	9.774515320361552
327.8	9.943115013080954
328.	9.911107025301837
328.2	9.961363608057733
328.4	9.916414508031789
328.6	9.921723433939599
328.8	9.884049394141117
329.	10.005455434033053
329.2	9.941368406558036
329.4	9.798796543255813
329.6	9.833540765896807
329.8	9.881016634123666
330.	10.016187738509819
330.2	9.91533328249276
330.4	9.991081295406191
330.6	9.964990746785036
330.8	9.996085089841335
331.	9.923468246743408
331.2	9.959643045437776
331.4	9.953182501508348
331.6	9.893428105959647
331.8	10.046222900280771
332.	10.086340217387788
332.2	9.860363763461013
332.4	10.055147628051097
332.6	10.061079795315518
332.8	10.085197713540957
333.	10.011015836248891
333.2	10.074863893031301
333.4	10.023938499719252
333.6	10.02986320149184
333.8	9.775314588974975
334.	10.004746715868036
334.2	9.883773096179539
334.4	10.067374316748865
334.6	10.07844434554184
334.8	10.14109612328335
335.	9.978080893062835
335.2	10.06995243186492
335.4	10.097417417753443
335.6	10.133518250620599
335.8	10.0123289340303
336.	10.026410026144875
336.2	9.98682932353631
336.4	10.1244786334345
336.6	10.074715731703167
336.8	10.020086779197598
337.	10.197229529344542
337.2	10.058250220919273
337.4	9.954758016532997
337.6	10.040798653551015
337.8	9.973245197192586
338.	10.076346517036447
338.2	9.916632516002535
338.4	10.036498021918545
338.6	9.978058568529384
338.8	10.07871363707488
339.	9.930503420541635
339.2	10.108843597675694
339.4	9.924306691603928
339.6	9.964580365425961
339.8	10.036355651043266
340.	9.962140626034872
340.2	10.036854777355966
340.4	9.871601000778288
340.6	10.062218767195395
340.8	9.952153974725338
341.	10.089216971450199
341.2	9.994182257275034
341.4	9.945079379651267
341.6	9.974568900332455
341.8	10.025119070027943
342.	10.030998761460415
342.2	9.940898691731526
342.4	9.998843028022533
342.6	10.107246579547102
342.8	10.002010841033767
343.	9.986491779920899
343.2	9.931673678095287
343.4	10.012549365641954
343.6	10.060710916322762
343.8	9.884596856419904
344.	9.955109258989896
344.2	9.916886121871919
344.4	10.06817966925125
344.6	10.020324319818327
344.8	9.972350207305418
345.	10.021969675864838
345.2	10.034008632084381
345.4	9.979739705203517
345.6	9.858447181858942
345.8	9.946093319872773
346.	9.95712164662133
346.2	9.999617842596015
346.4	9.98387402009063
346.6	9.941543235851286
346.8	10.048493206516664
347.	9.97137963386685
347.2	10.004897266342219
347.4	9.923012766322131
347.6	9.963812211994167
347.8	10.066328612503703
348.	10.06669467557802
348.2	9.903578357696345
348.4	9.889998411302125
348.6	10.046672227635735
348.8	10.117747228173515
349.	9.818182065036973
349.2	10.047797721677897
349.4	10.028654751051098
349.6	10.096527826498232
349.8	10.03171352900062
350.	9.881007447000316
350.2	10.069957672610192
350.4	9.922603835068346
350.6	9.944709006279306
350.8	10.071884290094497
351.	9.923842405918586
351.2	10.13570589626151
351.4	10.086731396952828
351.6	10.058775359392266
351.8	10.007354661989147
352.	10.128465191964574
352.2	10.043028144096985
352.4	9.977642142514657
352.6	10.08071948540798
352.8	10.117730711615145
353.	10.061110494775996
353.2	10.029862467349567
353.4	9.951970669959481
353.6	10.027925363512164
353.8	9.86464866337418
354.	9.925332817702094
354.2	9.843496750887729
354.4	9.985114568323132
354.6	9.87144501206034
354.8	10.004573608583044
355.	9.963832208263524
355.2	10.029304770621778
355.4	9.943371975598179
355.6	9.978191748731662
355.8	9.991514642201926
356.	9.841223492864005
356.2	10.160232353300325
356.4	10.019375232573745
356.6	9.988133711697937
356.8	10.007360336731045
357.	10.006066298822388
357.2	10.020955418643918
357.4	9.974945984174832
357.6	10.069005358315344
357.8	9.980223416662293
358.	9.908264149547808
358.2	9.827616847576767
358.4	10.111835848490793
358.6	9.829948202498745
358.8	10.043666678202209
359.	9.991604722164334
359.2	10.093669894032397
359.4	9.891566038741223
359.6	10.085342729300997
359.8	10.046800543011264
360.	10.109193181877476
360.2	9.90279931595509
360.4	9.942305912278423
360.6	10.117736740920332
360.8	9.890421945393571
361.	9.905429926297753
361.2	9.973184522627806
361.4	10.114815767024526
361.6	9.91364613525023
361.8	9.957150941539476
362.	9.959031749138376
362.2	9.854703988102463
362.4	9.958943213252274
362.6	10.054843111342668
362.8	10.002892471413189
363.	10.085216226509804
363.2	10.020598066407317
363.4	9.962145848288806
363.6	10.036422638877184
363.8	9.840055295157615
364.	9.881331316366788
364.2	10.117857851019622
364.4	10.105590641758152
364.6	9.8404219431458
364.8	9.967963545307235
365.	9.890470013831251
365.2	10.033665946969668
365.4	9.97400056654066
365.6	9.945492518426517
365.8	9.962883583095909
366.	10.043372450745501
366.2	10.070355434598108
366.4	9.903172703790826
366.6	10.094427496490107
366.8	9.971875957229292
367.	9.888853970952756
367.2	10.003800928752886
367.4	10.026084638368028
367.6	10.084656019707571
367.8	10.010225323940205
368.	10.005838512609078
368.2	10.088238106508735
368.4	9.937646541539149
368.6	10.072218860736895
368.8	10.192827815693803
369.	10.11566436106874
369.2	9.838881506159447
369.4	9.92344855529749
369.6	10.002560197731688
369.8	10.059277364435639
370.	10.056934470194637
370.2	9.931022030391421
370.4	9.992009973323453
370.6	10.01989835454235
370.8	9.913266422951436
371.	10.043066858726787
371.2	9.886810527419547
371.4	10.03086793424163
371.6	10.121539528677394
371.8	10.12287623732107
372.	10.093589427825762
372.2	9.987100498686543
372.4	10.019006868399428
372.6	9.930479239730126
372.8	9.943700001453575
373.	10.116370551604003