273.	5.060211620698355
273.2	5.0737482407308745
273.4	4.915057344906293
273.6	5.007023943348753
273.8	4.869757954682826
274.	5.06952340909008
274.2	4.964029846834365
274.4	4.942177397143126
274.6	5.107373650920653
274.8	5.053642858948436
275.	4.92058890917626
275.2	5.056997418539496
275.4	4.939194011377511
275.6	5.002692779305025
275.8	5.116000920792624
276.	4.87674983431981
276.2	4.985256983714664
276.4	4.940891413819817
276.6	5.002398563471729
276.8	4.973309129159478
277.	4.949785943753788
277.2	4.982838299117241
277.4	4.974590136957232
277.6	5.051657912489129
277.8	5.058543093106163
278.	5.051528329049443
278.2	5.146651426729134
278.4	4.908040693187381
278.6	4.8485297600178425
278.8	5.0179903723260635
279.	4.978357734354813
279.2	4.906024692536693
279.4	5.030279398711462
279.6	5.0442133522301535
279.8	5.008485055158156
280.	5.16134946068304
280.2	5.080912805414541
280.4	5.107483278113245
280.6	5.102838905495428
280.8	4.967791417742107
281.	4.876030035419068
281.2	5.04204593916409
281.4	5.01906813848772
281.6	4.879468439911591
281.8	5.003291476671916
282.	5.011290335458845
282.2	5.190314647729158
282.4	5.013680155671267
282.6	5.094886250488707
282.8	5.069732504700191
283.	5.195705454948028
283.2	4.8959388306821925
283.4	4.94380978421151
283.6	4.983533844322297
283.8	4.977897185895984
284.	4.972504635044306
284.2	5.017171453332295
284.4	5.040219978254203
284.6	5.028692667059451
284.8	5.088012416360787
285.	5.067971141374223
285.2	4.993666433361109
285.4	5.065575332831857
285.6	5.048051572704691
285.8	4.940846689994304
286.	4.949640100392452
286.2	4.992672860938958
286.4	5.085618594649464
286.6	5.039721376357408
286.8	5.104376028459924
287.	5.047053807235773
287.2	5.04836002852179
287.4	5.0820356952667005
287.6	4.849842106858534
287.8	4.988185725416869
288.	4.954507580544685
288.2	5.072906954248709
288.4	5.042456422885376
288.6	5.033804939233436
288.8	5.000089522622821
289.	4.9501615473634955
289.2	4.946833661835707
289.4	4.938283606637965
289.6	4.8194191666564805
289.8	5.012342782139811
290.	5.0355920868563775
290.2	5.060470554491087
290.4	4.92228317940767
290.6	5.116491491473127
290.8	4.9976968152734536
291.	5.084757584670262
291.2	5.033018237131119
291.4	4.932286454752969
291.6	4.976144777319013
291.8	4.9484097152864575
292.	5.03320858875238
292.2	5.082704470585169
292.4	5.0322939496194925
292.6	5.0405409340958744
292.8	5.038090786111939
293.	5.091536969516649
293.2	4.968261017046364
293.4	5.014448326692615
293.6	4.99382742573234
293.8	4.907432554675414
294.	5.078943344423192
294.2	5.039056916574791
294.4	4.969000343895071
294.6	5.039698099184738
294.8	4.973555924554734
295.	5.16314189045135
295.2	4.9739822472449085
295.4	5.055558190993727
295.6	5.047014085942629
295.8	4.996343035903881
296.	4.93577178436302
296.2	5.0197399722296305
296.4	4.99204491776734
296.6	5.0315808550741465
296.8	5.06829616132799
297.	5.152898603254446
297.2	4.936664374111723
297.4	5.010857302675412
297.6	5.082872488078177
297.8	5.105774511453146
298.	4.971599724378793
298.2	4.960377532650618
298.4	5.020732059002513
298.6	5.081504943602764
298.8	4.951397153822263
299.	5.081934206258336
299.2	4.9943718220718685
299.4	5.059922781998053
299.6	4.999934756024559
299.8	5.0383867826215285
300.	5.14794331984718
300.2	5.132896487886626
300.4	5.023233563939898
300.6	5.018198617880767
300.8	5.06541041002951
301.	4.902866854844636
301.2	5.000568211145207
301.4	4.924596623886323
301.6	4.979184168759708
301.8	4.848813823640262
302.	4.981229718161581
302.2	5.001720408206705
302.4	5.02417815530011
302.6	5.053139391845968
302.8	4.856123301008223
303.	4.907729073322153
303.2	4.911764711137944
303.4	4.929648313255082
303.6	4.987767458885656
303.8	5.070005962662613
304.	4.990176011381756
304.2	4.94224231945283
304.4	4.973669288755696
304.6	4.951458758460962
304.8	5.011910281522949
305.	4.977392052912458
305.2	5.063259949124013
305.4	5.01089793073564
305.6	4.976742254110226
305.8	5.002355050846977
306.	5.178363492704167
306.2	5.072754322803486
306.4	4.96827337682681
306.6	4.947563809644359
306.8	5.062459876713761
307.	5.162197561775148
307.2	4.899626847655511
307.4	5.017060018805796
307.6	5.007527030976472
307.8	5.028558393316156
308.	4.873434264356932
308.2	4.898075181989562
308.4	4.860491634377502
308.6	4.942196947910836
308.8	5.02665849481021
309.	5.022131614453508
309.2	4.953792091571877
309.4	5.027494454458538
309.6	4.922139817442826
309.8	5.1974845981216555
310.	5.112166069828205
310.2	5.077669843440808
310.4	4.96823690138417
310.6	4.812098131995427
310.8	5.060614095435381
311.	5.125476218851034
311.2	4.99196070068576
311.4	5.119116920355843
311.6	4.930198733104478
311.8	5.091734735282852
312.	4.991437644674049
312.2	5.109680713101123
312.4	5.074327422283691
312.6	5.0626811944392545
312.8	4.911223215383423
313.	4.940037012469646
313.2	4.9724500276084855
313.4	4.987365108653127
313.6	5.147624248864311
313.8	4.9619383295485555
314.	4.903048974811813
314.2	5.0064838796832145
314.4	4.999641549435932
314.6	5.005671985163169
314.8	5.059457602996348
315.	4.9246910486890245
315.2	4.863999133209389
315.4	5.112084145610845
315.6	5.02469908348604
315.8	5.012317845961266
316.	5.136605309929676
316.2	4.950377897194536
316.4	4.939441515714112
316.6	5.038817288400461
316.8	4.9770549857772615
317.	5.061911451525515
317.2	5.071836167792914
317.4	4.88400518830643
317.6	4.826949536473098
317.8	4.997390995379886
318.	4.994663507694408
318.2	4.989393594211042
318.4	5.025672015703784
318.6	5.016540249217176
318.8	4.92839220680977
319.	5.13538965502155
319.2	4.985563863500776
319.4	5.095053453297426
319.6	5.109059482789974
319.8	4.928231279529634
320.	4.940479095502306
320.2	5.138837093987044
320.4	5.070750715093481
320.6	4.996960898340813
320.8	5.1465115675008
321.	5.107855840534132
321.2	5.030571698111471
321.4	5.182230956748639
321.6	5.119947793580326
321.8	5.1526174769759105
322.	5.21047921950082
322.2	5.111384036019826
322.4	5.112284454890947
322.6	5.200906165802525
322.8	5.26909073368067
323.	5.276465631328901
323.2	5.408447904082011
323.4	5.303723963923808
323.6	5.346915792670862
323.8	5.298807793380619
324.	5.413452777820241
324.2	5.402518058993104
324.4	5.599760822099827
324.6	5.60400750042192
324.8	5.599773352327328
325.	5.817277036194691
325.2	5.639801691468939
325.4	5.920810279329401
325.6	5.95399300463219
325.8	5.979264921970951
326.	6.0082093466146596
326.2	6.381979370894264
326.4	6.3876428496702164
326.6	6.427244028694512
326.8	6.683905118599492
327.	6.747054135150432
327.2	6.783745862091326
327.4	7.008413106497485
327.6	7.150285005723718
327.8	7.313369430985776
328.	7.435904422082493
328.2	7.347648129833661
328.4	7.612517818054962
328.6	7.786563260541846
328.8	7.760017530614712
329.	8.033514888640767
329.2	8.131062655073837
329.4	8.407577832907645
329.6	8.513632444739436
329.8	8.587172403426461
330.	8.820562848700627
330.2	8.869950893650534
330.4	9.021029041805916
330.6	8.972742838448486
330.8	9.005236718751132
331.	9.066916991556708
331.2	9.301541024552222
331.4	9.255099275192581
331.6	9.213306093115838
331.8	9.437925471232528
332.	9.388773416946464
332.2	9.528189447990387
332.4	9.43629019613998
332.6	9.559561418752963
332.8	9.418512469106266
333.	9.772229660742683
333.2	9.812357475181708
333.4	9.70858183402613
333.6	9.819400232297252
333.8	9.811570061955218
334.	9.729340289836527
334.2	9.884102778162799
334.4	9.936764743898642
334.6	9.882547747245487
334.8	9.871788405789198
335.	9.748248167891841
335.2	9.909251973844453
335.4	9.874689180937802
335.6	9.945913108118047
335.8	9.950879359450314
336.	9.928410778939648
336.2	9.88913547112902
336.4	9.961413995847636
336.6	9.891373123422849
336.8	9.951701030444084
337.	9.988854433960535
337.2	9.970785763584725
337.4	9.913617895151715
337.6	10.151853515637635
337.8	10.054961355508121
338.	9.94430814205825
338.2	10.043577004758191
338.4	9.897947489027706
338.6	9.90265630455704
338.8	9.917682754656026
339.	9.985007602340893
339.2	10.116932107464452
339.4	10.10415953822775
339.6	10.119539190744906
339.8	9.955054064031273
340.	10.090647584081058
340.2	9.91000758052933
340.4	9.954547813348002
340.6	9.921722008009317
340.8	10.11311393424119
341.	10.058822873634384
341.2	9.920579330928835
341.4	9.879572018287444
341.6	9.981302733528675
341.8	9.986758873242499
342.	9.976381813201469
342.2	10.130376295903309
342.4	10.058337068461618
342.6	9.993085658693653
342.8	10.002214458846469
343.	9.958774287208763
343.2	10.02574583750767
343.4	9.780236011695392
343.6	9.796643913449753
343.8	10.049832234969667
344.	10.070072355762832
344.2	9.949077436938207
344.4	10.047647814895221
344.6	9.971351515299174
344.8	9.969734347342497
345.	9.948392482496477
345.2	10.012785514484477
345.4	9.983951152546163
345.6	10.017948453733707
345.8	10.030743357889701
346.	9.989448041781722
346.2	10.045043366916401
346.4	9.92549635317936
346.6	9.791166333888095
346.8	9.985359147071106
347.	10.039795194595737
347.2	10.090833650144704
347.4	9.942603362132905
347.6	10.08969165618496
347.8	9.909701466867052
348.	10.043190726204013
348.2	9.915603615629278
348.4	10.03644670381279
348.6	9.960851554336243
348.8	9.869367060329512
349.	10.04133150618404
349.2	10.112035369968757
349.4	10.111141379330098
349.6	10.058000329289579
349.8	9.967354554651724
350.	10.12276738570997
350.2	10.080009965408635
350.4	10.077228836419028
350.6	9.80430454192416
350.8	10.052505129886455
351.	10.066428063007704
351.2	9.951434128403227
351.4	9.973288527949462
351.6	9.891989974852889
351.8	10.008906069013774
352.	9.922228999658584
352.2	9.913461899564426
352.4	9.91037417423726
352.6	9.963474852435551
352.8	9.954351027966446
353.	10.046238817241152
353.2	9.842023522428288
353.4	10.054104923651172
353.6	10.011448407312445
353.8	9.825579123258203
354.	10.037672572048647
354.2	9.98127400671727
354.4	9.982849790371512
354.6	10.003414751324057
354.8	9.930834599008548
355.	10.03372752231886
355.2	10.068330192929926
355.4	10.03733585433629
355.6	9.865554681679884
355.8	9.940874497158722
356.	9.958615914122515
356.2	9.983549768160705
356.4	9.922859042588126
356.6	9.865254687533762
356.8	9.959576961554541
357.	9.968005154745917
357.2	9.811328842020623
357.4	9.871892595509127
357.6	9.950117424832179
357.8	9.974191396104056
358.	10.043941249955095
358.2	10.090617479249449
358.4	9.974728749617277
358.6	9.993768429028577
358.8	10.101596676564295
359.	10.065131825124588
359.2	9.922294793709383
359.4	10.0307300654356
359.6	10.123584889871838
359.8	9.978452288119167
360.	9.927670705468188
360.2	9.94508086655446
360.4	10.004932134909275
360.6	9.875772671094671
360.8	9.99519845395693
361.	10.036628360397353
361.2	9.951357049128447
361.4	9.95514748446008
361.6	9.953372869847636
361.8	10.044465295391639
362.	9.986144752250885
362.2	9.910693854735502
362.4	10.095428141035937
362.6	10.072056176087893
362.8	9.991987765329911
363.	9.908262255038116
363.2	10.063076393472429
363.4	9.950351030368514
363.6	9.922453337369845
363.8	10.08732138265955
364.	10.014837328586513
364.2	10.068540704285676
364.4	9.914701730100715
364.6	9.884406377116747
364.8	9.983547479077238
365.	9.93209080950626
365.2	10.032523657093972
365.4	10.15111594482258
365.6	10.145531128440746
365.8	9.917216716287285
366.	9.98829798517126
366.2	9.98723421751482
366.4	9.991952931454579
366.6	9.88132170126809
366.8	10.017437609464652
367.	10.225747305962345
367.2	10.035193596443827
367.4	9.913279505600023
367.6	10.02384398083985
367.8	9.899950431848785
368.	10.017894619100078
368.2	10.006448845081703
368.4	9.899349505984766
368.6	9.998336487133049
368.8	10.115957719022862
369.	9.97804236482273
369.2	10.101301256746924
369.4	9.989935864691406
369.6	10.016472162736493
369.8	9.915073500008356
370.	9.94849873448156
370.2	10.037259990825936
370.4	9.854751651303394
370.6	10.073651484321555
370.8	10.031001255747498
371.	10.123935301703279
371.2	10.066314409442231
371.4	10.013081683460983
371.6	10.051847019159528
371.8	9.853116970256304
372.	10.144826988585592
372.2	10.110129874157264
372.4	9.995634886575711
372.6	10.051206017878412
372.8	10.0400037967025
373.	10.168658096572358