273.	5.047308706447855
273.2	4.855541554760895
273.4	5.015957800003431
273.6	5.020719669916669
273.8	4.902846885526871
274.	4.993659288226849
274.2	4.922873981096192
274.4	4.959197078026944
274.6	4.941234743393518
274.8	4.934970606561929
275.	5.053005202873541
275.2	4.9763377073880415
275.4	4.955399572312312
275.6	5.010238873862908
275.8	4.9154574336349395
276.	5.047531084053621
276.2	5.1444403794558005
276.4	4.922923748241783
276.6	4.983116768345503
276.8	5.023237707598927
277.	5.09819040812266
277.2	4.873879755121296
277.4	5.028699842218316
277.6	5.085462846618757
277.8	4.912862672467385
278.	4.9828622922542785
278.2	5.020897124141221
278.4	4.878583536843073
278.6	5.047579446967509
278.8	5.063636615991817
279.	5.0018614762811024
279.2	5.0086637513883066
279.4	5.025621363440693
279.6	5.021218870218933
279.8	5.065230488449209
280.	4.97234221255204
280.2	4.869043851755839
280.4	4.919332669750508
280.6	4.886386358828184
280.8	5.142399468700816
281.	4.952453898467594
281.2	5.0785005473860725
281.4	4.902179829639629
281.6	4.95191541934577
281.8	5.002748795665188
282.	5.04044040078728
282.2	5.053401298605337
282.4	5.064172759762539
282.6	4.849679082149596
282.8	5.000277661044899
283.	5.041062671207768
283.2	5.022386550786095
283.4	4.962864706661382
283.6	5.093036019591826
283.8	5.12984028991233
284.	4.9236678549141315
284.2	4.895028743967568
284.4	4.881122541871386
284.6	4.968149165523545
284.8	4.987694021637152
285.	5.026786053400975
285.2	4.959039779090489
285.4	5.012184192177644
285.6	4.99456814511967
285.8	4.90694300097026
286.	4.9828084752550765
286.2	4.950511870349955
286.4	4.9145809906454225
286.6	5.124419785834658
286.8	5.14451848063056
287.	4.90387218435627
287.2	4.947746837756273
287.4	4.995230675809323
287.6	5.064382063717952
287.8	5.066187434698818
288.	4.906478428896399
288.2	4.89690433250253
288.4	4.99781575367151
288.6	4.963864007576519
288.8	4.966415069988044
289.	4.923476684913514
289.2	4.9396425325367135
289.4	5.269103316534387
289.6	4.83657899763734
289.8	4.970093134832479
290.	4.913062893047817
290.2	4.97587492732863
290.4	5.163196577928524
290.6	5.036764372071555
290.8	4.909530972097096
291.	4.888592891640016
291.2	5.080484251912397
291.4	5.005314409416715
291.6	4.957193020212014
291.8	4.994097111356684
292.	5.125261023932644
292.2	4.900220130607044
292.4	4.935794215738025
292.6	5.102132133437932
292.8	4.925981249117432
293.	5.0796916495859845
293.2	5.064633351620815
293.4	4.884023485077574
293.6	5.023458887266467
293.8	5.010997205550573
294.	4.9431957833032865
294.2	5.0794323161218315
294.4	4.934053599865259
294.6	4.89254940190351
294.8	5.032758167558656
295.	4.9532511098472325
295.2	4.868637262015193
295.4	4.923828253841057
295.6	5.003287691096601
295.8	5.029436516202762
296.	5.0486110540203875
296.2	4.935597591951351
296.4	5.001498433968053
296.6	4.980548546141868
296.8	4.923947148561291
297.	4.977234363398678
297.2	4.955339265885794
297.4	5.037179711347578
297.6	5.015514157958524
297.8	4.9292251555780275
298.	5.128867311530317
298.2	4.974707908810464
298.4	5.026581300824579
298.6	5.1151746374866365
298.8	5.054417654673312
299.	4.947036048146824
299.2	4.926505749295333
299.4	5.035758370922485
299.6	5.0898380655049325
299.8	5.110088479700368
300.	5.049964679964806
300.2	4.9144370546238925
300.4	5.089690380247099
300.6	5.06565308846714
300.8	5.051927565819713
301.	5.093462957170212
301.2	5.02176157330046
301.4	4.949702682915048
301.6	4.949544025141386
301.8	4.965707891087206
302.	4.952336719260843
302.2	4.980161141279472
302.4	4.924629822371774
302.6	4.992443523994664
302.8	4.851483952709554
303.	5.026163597536299
303.2	4.907492463917116
303.4	5.093941807584283
303.6	4.927628099955556
303.8	4.950348572988978
304.	5.067461530553787
304.2	5.055468202440905
304.4	4.97167308732557
304.6	4.979199536499387
304.8	5.010277667286309
305.	5.061921977260666
305.2	5.000033027213602
305.4	5.078715535467305
305.6	4.989764094209961
305.8	5.125752355303777
306.	5.044222932712682
306.2	4.997213188670832
306.4	5.142449400121277
306.6	5.040390887554628
306.8	5.043275357385484
307.	5.032729193463988
307.2	5.091498091137019
307.4	4.950885634708155
307.6	5.038065649770354
307.8	4.996261719773242
308.	5.123278827204612
308.2	5.038358141711438
308.4	5.117940783660244
308.6	5.022633421114584
308.8	5.11093805009525
309.	5.081054910802428
309.2	5.122640044477154
309.4	4.939807627304273
309.6	5.261644132667263
309.8	5.1444365462540675
310.	5.1135896670830485
310.2	5.147870738170689
310.4	5.15879745170294
310.6	5.072448937830092
310.8	5.158425377853896
311.	5.241513035947443
311.2	5.0870633383118795
311.4	5.248746406004202
311.6	5.157728830131441
311.8	5.207366550948988
312.	5.192049521082384
312.2	5.247193525130736
312.4	5.424639675916904
312.6	5.3712760096538466
312.8	5.469420685461071
313.	5.433511177644022
313.2	5.446771373453578
313.4	5.470050720542819
313.6	5.589152224453465
313.8	5.65867905982826
314.	5.763884457249273
314.2	5.566788426273765
314.4	5.712647362967948
314.6	5.932986998966141
314.8	5.898870380573858
315.	5.986310624285291
315.2	6.019839709755966
315.4	6.18018535187427
315.6	6.192966775959934
315.8	6.216682741078268
316.	6.284653598770402
316.2	6.408140007844658
316.4	6.5128157497005095
316.6	6.744535690393664
316.8	6.761705021706573
317.	7.01486963946519
317.2	7.080625240802425
317.4	7.15897803899881
317.6	7.16354646415688
317.8	7.372606544624173
318.	7.487930547284913
318.2	7.5019055261957615
318.4	7.497994623994432
318.6	7.768640828040297
318.8	7.919264488856379
319.	7.970199954534909
319.2	8.04205305160946
319.4	8.154885328275965
319.6	8.208809400686158
319.8	8.431985727811975
320.	8.532279877834762
320.2	8.617283707387614
320.4	8.816005985845377
320.6	8.684453171117868
320.8	8.79908471726419
321.	8.999035061747255
321.2	8.843225171457938
321.4	9.14341332159696
321.6	9.155436280475124
321.8	9.098002308970921
322.	9.296640844842804
322.2	9.16071419938548
322.4	9.34411342013531
322.6	9.335174378908627
322.8	9.381173550601265
323.	9.51427169855283
323.2	9.625640118796634
323.4	9.577500149244468
323.6	9.388766585027996
323.8	9.706118293321998
324.	9.591561524395706
324.2	9.650386307673353
324.4	9.61177465160203
324.6	9.783798270427887
324.8	9.780465930138211
325.	9.650644161308506
325.2	9.794478589399024
325.4	9.720579965650362
325.6	9.883752207976602
325.8	9.854140842361142
326.	9.765867937399342
326.2	9.958771478170057
326.4	9.99562354257344
326.6	9.759043478085712
326.8	9.808602273030031
327.	9.838468072866839
327.2	9.939229362640809
327.4	10.019861458555846
327.6	9.87804176160224
327.8	9.75815543568231
328.	9.890421665424784
328.2	9.842986369096018
328.4	10.069598795727241
328.6	9.912031136893084
328.8	9.966201701048437
329.	9.97321991937744
329.2	9.87088166138138
329.4	9.836881054455793
329.6	9.859454673025615
329.8	9.922507092603228
330.	10.013050072414293
330.2	10.001760016392243
330.4	9.950572862086519
330.6	9.881148772374313
330.8	10.085835385853398
331.	10.06165010178674
331.2	10.093324099857117
331.4	9.93284342662511
331.6	9.959746084599285
331.8	10.109660389643151
332.	10.067390700885445
332.2	9.872151280661138
332.4	10.034910376408428
332.6	9.902005161213072
332.8	10.043443292309632
333.	10.124400380675528
333.2	9.974499462505024
333.4	10.047661269544363
333.6	9.87828750677608
333.8	9.946159924412855
334.	10.086670217945533
334.2	10.024827821838276
334.4	10.022640813878873
334.6	9.863677609592576
334.8	9.989524305401392
335.	10.012652626372331
335.2	10.056228720529212
335.4	9.940414369070709
335.6	10.058785199982884
335.8	9.960265143999377
336.	9.843895783587364
336.2	10.113006467776568
336.4	9.949279899678501
336.6	10.095358735870663
336.8	10.000454329647198
337.	10.00380129713522
337.2	10.07265747896454
337.4	10.104146806731217
337.6	10.176890724990887
337.8	9.962198016831039
338.	10.060135810313476
338.2	10.004069752906313
338.4	9.934249653316371
338.6	10.013738960764815
338.8	10.003718684386252
339.	9.949552390653654
339.2	10.171286354298244
339.4	10.017624964874122
339.6	10.100534427149103
339.8	10.009994778786412
340.	10.074528733273297
340.2	9.934119646424508
340.4	10.058693969566002
340.6	9.918651492001452
340.8	9.838467388250649
341.	10.033043399821564
341.2	10.011072163009414
341.4	10.005695147740319
341.6	9.99905175341233
341.8	9.876915806514639
342.	9.999549657478994
342.2	9.976530925842736
342.4	10.09358769347236
342.6	9.976296460029753
342.8	10.08597034803116
343.	9.99383046123721
343.2	9.908946330096583
343.4	10.06666969474695
343.6	9.906429042721705
343.8	9.923550535275739
344.	10.147240944405038
344.2	10.035496246964945
344.4	10.067564230011603
344.6	9.882920278719807
344.8	9.977068041828456
345.	9.994380205464452
345.2	9.962690224225947
345.4	9.972579469019912
345.6	10.116759735018382
345.8	10.005040265997986
346.	9.958275935659069
346.2	10.097166157683871
346.4	9.835224802951288
346.6	10.181016933626973
346.8	9.99857337618527
347.	9.960571132750118
347.2	10.097883147360175
347.4	10.040234947965644
347.6	9.967008152601297
347.8	9.969790610441326
348.	9.978707914250718
348.2	9.979595485704738
348.4	9.908309459945354
348.6	9.866621569238704
348.8	10.106866188765375
349.	9.9212175014961
349.2	10.009006991553962
349.4	9.9556773737598
349.6	10.035461214132821
349.8	10.012701671894899
350.	10.05467719608808
350.2	9.99785164935491
350.4	9.978841486704123
350.6	10.132412178869519
350.8	10.089988844373343
351.	9.846366010374698
351.2	10.161821843085798
351.4	10.014387989038354
351.6	10.024138474298617
351.8	9.929008257856095
352.	9.839462108743268
352.2	10.033673479855455
352.4	9.991050249851282
352.6	9.91130531820136
352.8	10.036000229027396
353.	9.879817809657778
353.2	10.062817524314232
353.4	10.148466504072543
353.6	10.008783605622797
353.8	9.993341116009828
354.	9.935321763796196
354.2	10.034215977538494
354.4	10.037133519138637
354.6	9.911664444566934
354.8	10.023399674768953
355.	10.028785604255605
355.2	10.101826228939938
355.4	9.963515550217473
355.6	9.9737833086955
355.8	9.943781668239719
356.	9.872863245576674
356.2	9.890571736678565
356.4	10.045834420958995
356.6	9.945311291915205
356.8	9.928675708752266
357.	10.122792348485788
357.2	10.009522115302426
357.4	10.07276744352878
357.6	9.979947921677539
357.8	10.015988496662192
358.	9.941809321752068
358.2	9.895806545254052
358.4	10.100337489221547
358.6	10.10250582131743
358.8	10.05920489050044
359.	9.901227739811926
359.2	9.934373614352303
359.4	9.846063468719827
359.6	9.925943793505185
359.8	9.969045328780695
360.	10.089540318942683
360.2	9.959335121883404
360.4	9.96243608137012
360.6	10.091639557215991
360.8	9.940666503074741
361.	10.042449491535734
361.2	9.949079040209762
361.4	9.996276457189037
361.6	10.061592045003275
361.8	9.987382379315852
362.	9.950691253410865
362.2	10.205999680856914
362.4	9.892655997301478
362.6	9.858650724668202
362.8	10.10432132130362
363.	9.951837598078143
363.2	9.97932668549432
363.4	10.04925620642476
363.6	10.045225293193253
363.8	9.91319083558403
364.	9.982264726587417
364.2	10.030860888753926
364.4	10.142269888464373
364.6	10.017443454402231
364.8	9.953781938915595
365.	10.011361903484563
365.2	9.896155758639452
365.4	9.972083078924332
365.6	10.076334501731758
365.8	10.014806310282113
366.	9.959325973538247
366.2	10.042885095424522
366.4	9.957765082318117
366.6	9.90498780530298
366.8	9.899121348662968
367.	9.918511015481357
367.2	10.074854022394288
367.4	9.979058666119734
367.6	9.989063153811857
367.8	10.00011358254772
368.	9.908721889702097
368.2	10.098410844734897
368.4	10.001664375158548
368.6	10.006446720331233
368.8	9.945937001325827
369.	9.890453549338682
369.2	10.084139713204387
369.4	10.022640324298248
369.6	10.060431299486504
369.8	9.944410833785824
370.	10.08406113363152
370.2	9.97984760324347
370.4	9.944742711902263
370.6	9.973916498953587
370.8	9.946969481835756
371.	10.040816522031278
371.2	10.015038349515311
371.4	9.938015715001665
371.6	10.078589241334521
371.8	10.032146319116627
372.	10.165836569453802
372.2	9.94059166428707
372.4	10.022356652221253
372.6	9.93365702609923
372.8	9.973997934181238
373.	10.126799244751846