273.	10.045784437843741
273.2	10.021614752879685
273.4	9.850460299084924
273.6	10.04590473604997
273.8	9.967781423534216
274.	10.068746332459849
274.2	9.99996452787306
274.4	9.934730701146975
274.6	9.925331896060554
274.8	9.918316445151717
275.	9.989300827680362
275.2	10.159912399964488
275.4	10.040457353325408
275.6	10.114304692826025
275.8	9.95340535396577
276.	10.000054661134687
276.2	10.035039378348197
276.4	9.918608389660523
276.6	10.003394371555444
276.8	9.988676243317702
277.	9.929500449182418
277.2	9.94238661545181
277.4	9.923054837005404
277.6	9.904404418324658
277.8	10.044237240236086
278.	9.888747461622335
278.2	9.987000341576246
278.4	10.067252936209277
278.6	9.821943617796837
278.8	10.037340025061226
279.	9.960270263838813
279.2	10.101958371690952
279.4	9.9718451832735
279.6	9.990644689560403
279.8	9.93380714002223
280.	10.002705870116205
280.2	10.007096657852363
280.4	10.089994052674287
280.6	9.994411145039228
280.8	9.985935668989242
281.	10.019219875758186
281.2	10.069066036146287
281.4	10.040539973666068
281.6	10.077778558760228
281.8	10.070396202381591
282.	10.073045835403017
282.2	10.024156485398352
282.4	10.184586766678805
282.6	9.955146401581514
282.8	10.04728440721932
283.	10.055481528453043
283.2	9.914709050371869
283.4	10.0083947410223
283.6	9.916174751298835
283.8	10.147406852114749
284.	9.861561344841046
284.2	9.997749179890628
284.4	9.952671621464303
284.6	10.125613350414048
284.8	9.945411816376652
285.	9.965848969952994
285.2	9.97495122404495
285.4	9.956166934408426
285.6	10.017490479886016
285.8	9.964642099706492
286.	10.013431943573453
286.2	9.975102075923346
286.4	10.025418268739665
286.6	10.043032275953527
286.8	10.030094641558387
287.	10.077045164393244
287.2	9.992099344445576
287.4	9.955966166771805
287.6	10.008210038472628
287.8	9.94658351467434
288.	9.961438259761696
288.2	9.998013595172846
288.4	10.05067574961311
288.6	10.051457576688748
288.8	9.871126985756005
289.	10.02059486875818
289.2	10.026422188829093
289.4	10.091167397272072
289.6	9.9778891956942
289.8	9.868012714225046
290.	10.0160666881395
290.2	10.056501731445582
290.4	10.052537599278681
290.6	9.926713590070879
290.8	9.997055986191157
291.	9.991461758761018
291.2	9.996938050257802
291.4	10.066624514959297
291.6	10.124033806162943
291.8	10.153727713141096
292.	9.899886018365644
292.2	9.998681719299116
292.4	9.857282570781315
292.6	9.872743643607134
292.8	9.930672090341387
293.	10.05843004165975
293.2	10.056991344655756
293.4	10.060374062748611
293.6	9.962461533968675
293.8	10.040071157282412
294.	9.919680808522203
294.2	10.035312372053818
294.4	10.121739253196539
294.6	10.074400366968966
294.8	9.87944746583204
295.	9.971546494227155
295.2	10.08286250855519
295.4	9.937158884582054
295.6	10.023035529679113
295.8	9.761606123630063
296.	9.837395811185603
296.2	9.992214689488769
296.4	10.0781958845442
296.6	10.067934915362645
296.8	10.12533536463751
297.	10.00890681727058
297.2	9.836858091954156
297.4	10.045920322678533
297.6	9.92834110193227
297.8	9.8800266343702
298.	10.000714187875232
298.2	10.155928106566675
298.4	9.998550884589246
298.6	9.895464833188198
298.8	10.015665851562092
299.	9.922202750902262
299.2	10.037972198980839
299.4	9.909319781183655
299.6	9.921366873267818
299.8	9.88290167442571
300.	10.193842986040117
300.2	10.117880819625242
300.4	10.021360720909263
300.6	10.036408952817043
300.8	10.195311095961666
301.	9.98071909179701
301.2	10.020212176310961
301.4	10.1072950562436
301.6	9.933567669173481
301.8	9.991395658709655
302.	10.180122261637859
302.2	9.933352467289803
302.4	10.20118523049045
302.6	10.006919170415648
302.8	10.042808837909211
303.	10.077560194669088
303.2	10.063325914272323
303.4	9.93791083210059
303.6	10.096965935719401
303.8	9.92182492095407
304.	9.936234308856756
304.2	9.983503648740358
304.4	9.925810321684386
304.6	9.985122693672166
304.8	9.926318348805244
305.	10.165563073552843
305.2	9.857893136622081
305.4	10.093723432289607
305.6	9.994691953231136
305.8	9.965892366226756
306.	9.914214290176346
306.2	9.97199328128855
306.4	10.057637427232294
306.6	9.955475303701819
306.8	9.972215907633082
307.	9.946885338052313
307.2	10.03191165967664
307.4	9.982584601032624
307.6	9.87281773352404
307.8	10.035769444300492
308.	10.047703986543317
308.2	9.889091336722057
308.4	10.021527468762484
308.6	9.991648909619517
308.8	10.033587438318083
309.	9.901351286903939
309.2	9.795978108642867
309.4	10.000415153844077
309.6	10.00637496887241
309.8	10.125995056770039
310.	9.930307040513917
310.2	9.976337450083015
310.4	9.988309190788529
310.6	10.012916349432595
310.8	9.914070454012649
311.	10.022046367892905
311.2	9.927975888116059
311.4	9.933985050458444
311.6	10.028064483848912
311.8	10.028886724544448
312.	9.972892788895932
312.2	10.025099073763625
312.4	9.973686376406446
312.6	9.866965159829544
312.8	9.831792987361604
313.	9.956393725285219
313.2	10.00625143718325
313.4	9.912536884207968
313.6	9.87856147978463
313.8	10.02648744792138
314.	9.737772523909728
314.2	9.948264338985116
314.4	9.727867490295928
314.6	9.868425491362622
314.8	9.808732647302586
315.	9.800375623382392
315.2	9.893752645090983
315.4	9.90880947057946
315.6	9.828367088992657
315.8	9.796076058940997
316.	9.675253439853206
316.2	9.699982530423242
316.4	9.703546798354521
316.6	9.73461534930564
316.8	9.511254542011327
317.	9.603479894483788
317.2	9.754754433887175
317.4	9.485843518011817
317.6	9.389816220836325
317.8	9.25820012203827
318.	9.229383403867773
318.2	9.190597901092143
318.4	9.159810002414662
318.6	9.019405193702882
318.8	8.928911341911581
319.	8.857542976772388
319.2	8.655471219842156
319.4	8.671487021033723
319.6	8.47952540941219
319.8	8.461599406091684
320.	8.286382875624303
320.2	8.006045719143037
320.4	8.086792863136786
320.6	7.7465410164805055
320.8	7.745502881060953
321.	7.491712761782076
321.2	7.477147674982132
321.4	7.295793202362909
321.6	7.292801804653301
321.8	6.910682187017153
322.	6.897873370245426
322.2	6.798874058615097
322.4	6.657368047817223
322.6	6.647897114537674
322.8	6.4632787183325435
323.	6.256657602363728
323.2	6.253951747841894
323.4	6.201318387541521
323.6	5.904512541712314
323.8	5.8387470592621264
324.	5.872280727369898
324.2	5.902388836362142
324.4	5.9351660595231674
324.6	5.772304305687434
324.8	5.482409554850453
325.	5.612469291277124
325.2	5.516534624260786
325.4	5.430393224188864
325.6	5.5414614699695335
325.8	5.385862438237211
326.	5.231331372042945
326.2	5.361614058561059
326.4	5.339844616110521
326.6	5.338477139858528
326.8	5.26949671471022
327.	5.33377948134676
327.2	5.149330279338961
327.4	5.278651900960073
327.6	5.125776580897651
327.8	5.07778097299115
328.	5.045097498813191
328.2	5.113643023198077
328.4	5.22513494563812
328.6	4.91000369512336
328.8	5.080581563620735
329.	4.997390301883377
329.2	4.967844597452699
329.4	4.90133295092074
329.6	5.116066258750172
329.8	4.993766841701814
330.	4.964499608574134
330.2	5.224457343360588
330.4	5.079686475603257
330.6	5.015571582275272
330.8	5.10273384459061
331.	4.982206283707656
331.2	5.010147441848932
331.4	5.053970356811584
331.6	5.053490111774679
331.8	4.969062047257464
332.	5.156108945053175
332.2	5.180314195586214
332.4	4.9800065705790155
332.6	5.020936465256687
332.8	5.007299378985041
333.	5.0274916990795395
333.2	4.919525541762766
333.4	5.0961180253767395
333.6	4.9798959366042945
333.8	5.101629998947071
334.	4.996476371223954
334.2	4.935022754693133
334.4	4.947901930837215
334.6	4.9332488540960675
334.8	5.0340922981199645
335.	4.953450939411401
335.2	5.002946632825577
335.4	4.973660852034983
335.6	4.95006053237791
335.8	4.911995835285115
336.	4.909838524264145
336.2	4.802113424501191
336.4	5.098614358478204
336.6	5.11022050001897
336.8	4.939312481529599
337.	4.941312424922604
337.2	4.909521618042991
337.4	5.085716102935445
337.6	5.038696498078411
337.8	4.883886405222639
338.	4.979858103716219
338.2	5.049605943538217
338.4	5.017354697467609
338.6	4.969680448388184
338.8	4.964697349200527
339.	4.988010677751257
339.2	5.117238894025969
339.4	5.019355736512001
339.6	4.965101829375053
339.8	5.097738277121433
340.	4.913339087831668
340.2	4.8631822105309475
340.4	5.062816984848488
340.6	4.947637882622655
340.8	4.9496695973556895
341.	4.975621008883184
341.2	4.982218986027481
341.4	5.087128079889499
341.6	4.963278400214961
341.8	4.994103713278807
342.	4.999358562696524
342.2	4.952097321867499
342.4	4.913553555045702
342.6	5.0374845330597156
342.8	4.95822940239606
343.	5.036952425484478
343.2	5.079658279995771
343.4	5.0102024028409495
343.6	4.9091475029458005
343.8	4.996323980247687
344.	5.000781950982367
344.2	4.9119075682661935
344.4	4.889804034699693
344.6	5.1335505372362435
344.8	5.1122922314721455
345.	4.970934680216369
345.2	4.898680166574295
345.4	5.081654568611195
345.6	4.998980234638156
345.8	4.862231017510342
346.	5.036609323768779
346.2	4.950698076137356
346.4	5.095008076342211
346.6	5.078262478355281
346.8	4.823502782429637
347.	5.189285450297609
347.2	4.986612350652969
347.4	4.965964081119771
347.6	4.988078202472739
347.8	4.86902334178459
348.	5.060274867384966
348.2	5.1007922011502504
348.4	5.0288865389532145
348.6	4.914608871126748
348.8	5.02448861117053
349.	4.961986462546893
349.2	4.958144921692547
349.4	4.986896854915671
349.6	5.048656303216276
349.8	4.855343207737924
350.	4.930757328402275
350.2	5.037109137973474
350.4	4.939180367093437
350.6	5.059202128386441
350.8	4.834018928502171
351.	4.854785607658578
351.2	4.974642495748799
351.4	5.052905604366329
351.6	4.946765422790856
351.8	5.077496171364784
352.	4.977885317801626
352.2	4.961265120522471
352.4	5.089003222024291
352.6	5.011049773027737
352.8	4.896874057476142
353.	4.961891571811828
353.2	5.166543181582704
353.4	5.0843952093569165
353.6	4.966727926637772
353.8	5.007389714051306
354.	5.119472043965019
354.2	5.087068419695742
354.4	4.985083096383219
354.6	4.923190023731603
354.8	4.988573156183845
355.	4.87596864716368
355.2	5.013676928672069
355.4	5.067394002571785
355.6	5.032759154334502
355.8	5.047244417720746
356.	4.911724119047394
356.2	4.92218710384177
356.4	4.965902613220159
356.6	4.8238159350573095
356.8	5.1458068583380365
357.	5.044082475355908
357.2	5.099348514511661
357.4	4.917657261723057
357.6	5.184716961015433
357.8	4.9788880292582665
358.	5.155539455860317
358.2	5.01840406392457
358.4	4.754060332888759
358.6	5.032698618647526
358.8	5.004549389080543
359.	4.965539135622437
359.2	5.082341360804414
359.4	4.899991345785472
359.6	4.885188012253154
359.8	5.055925377797496
360.	4.819100118357392
360.2	4.94683336187644
360.4	4.974053764683726
360.6	4.923224203768545
360.8	5.022170569272075
361.	4.978955159957287
361.2	4.968068382079335
361.4	4.997160643833419
361.6	4.924919197879922
361.8	5.051236334060218
362.	5.058443921298088
362.2	5.041627370175087
362.4	4.962223186279298
362.6	4.84536308214108
362.8	5.040034692440132
363.	5.024390082048473
363.2	4.993287105686274
363.4	4.984662733786415
363.6	4.966005216169656
363.8	4.9821654370087085
364.	5.108603177208701
364.2	4.918946905583655
364.4	5.070366520793182
364.6	4.924805848875456
364.8	4.963723591332655
365.	5.069905786439514
365.2	5.0590825783605675
365.4	5.074416512311046
365.6	5.142298363002626
365.8	4.9277482615058465
366.	4.996147777624467
366.2	5.013194798125227
366.4	5.020857034180355
366.6	5.067022610774573
366.8	5.060541281989583
367.	4.951315793445312
367.2	5.142157436702382
367.4	5.001443614852902
367.6	5.01465504953139
367.8	5.020293591151399
368.	5.090644920393269
368.2	4.9928620405778945
368.4	4.938749733502471
368.6	4.982989435601765
368.8	4.891376292857971
369.	4.986127881717264
369.2	4.916022843038829
369.4	4.928332301538396
369.6	4.832209039049161
369.8	5.066727395169871
370.	4.968304382989562
370.2	5.100028791762923
370.4	5.008180271416829
370.6	5.036138778640428
370.8	5.030141709690509
371.	4.961577912765281
371.2	4.91688913166752
371.4	5.040535819875565
371.6	5.013745055608852
371.8	4.914713455852741
372.	5.02206453353683
372.2	4.97523065736364
372.4	5.064278596112608
372.6	4.9346763608097195
372.8	4.944972824953569
373.	4.979477467082153