273.	9.970546524018037
273.2	10.158227920690099
273.4	10.013978652333757
273.6	9.990154565478608
273.8	9.948720196351918
274.	9.940643763579192
274.2	10.056836921171337
274.4	9.96473254586395
274.6	10.040379742318779
274.8	10.053670452904576
275.	10.091060287130944
275.2	10.001697003124734
275.4	10.106095767693034
275.6	10.011696442090301
275.8	9.962810070999838
276.	9.946201411042576
276.2	9.989306548230822
276.4	10.11159091457109
276.6	10.031907278648482
276.8	9.96547284458608
277.	9.85667190320277
277.2	9.85343609041564
277.4	10.00305899345322
277.6	9.970697474913047
277.8	9.948051240733617
278.	10.104308310162551
278.2	10.007402584221587
278.4	9.932200441135294
278.6	9.92137053526157
278.8	9.879545496759134
279.	9.91773600314734
279.2	10.076296355853444
279.4	10.192748442386394
279.6	9.896628881177843
279.8	9.96956005714148
280.	9.921959430398987
280.2	9.963409066354206
280.4	10.001519584712428
280.6	9.930199185125643
280.8	9.90377059078143
281.	10.191568382457959
281.2	10.031143037812587
281.4	9.994454592033291
281.6	10.108145920859359
281.8	9.998797149180568
282.	9.860832876044025
282.2	10.069857650950652
282.4	10.161307643004658
282.6	9.961184624255846
282.8	10.068803655408141
283.	10.046732376706698
283.2	10.040346693472905
283.4	10.063238630769003
283.6	10.109227383236412
283.8	9.899650769601276
284.	10.033621421783236
284.2	9.975984171379524
284.4	9.96619673791803
284.6	9.977912797580212
284.8	9.93927300811579
285.	10.06694862396063
285.2	9.972143998088441
285.4	10.036822025113024
285.6	9.865835562619823
285.8	9.970446136490906
286.	9.976644443463668
286.2	10.039009986810624
286.4	9.874715856001245
286.6	9.968855079231988
286.8	9.966929435127215
287.	10.053532794424086
287.2	10.050179878302792
287.4	10.053759062561978
287.6	9.854426425771766
287.8	10.143810982024378
288.	10.032987468397206
288.2	9.905887535194182
288.4	9.977765506587604
288.6	10.008318456158596
288.8	10.017187149591411
289.	9.999501652109812
289.2	9.928143051402543
289.4	10.0346856653139
289.6	9.944148246281033
289.8	10.082545266215087
290.	10.017135622732708
290.2	10.11907353427452
290.4	10.177525034890396
290.6	9.985924235656947
290.8	9.8577019131186
291.	9.800525331806236
291.2	10.020761948812028
291.4	9.956963108059703
291.6	10.013461276018809
291.8	10.041109388910348
292.	9.895756095439404
292.2	9.978369976680748
292.4	9.92551968063158
292.6	9.935001910418466
292.8	9.966862540115647
293.	10.105209471908319
293.2	9.961071847759225
293.4	9.896884832250237
293.6	10.126343523533302
293.8	10.059664393073847
294.	9.977229274914697
294.2	10.133709724034837
294.4	10.063848513984034
294.6	9.951008187914384
294.8	10.009843824612565
295.	9.947565774923307
295.2	9.887943916690997
295.4	9.979101526668492
295.6	10.05287130781289
295.8	10.07342391464774
296.	10.033866631846175
296.2	9.999447027469696
296.4	10.086422421493445
296.6	9.997950820756591
296.8	10.048026446455417
297.	10.116137909896976
297.2	10.043515365984126
297.4	10.03782889450028
297.6	9.99506025436723
297.8	9.878292085699126
298.	10.070489337493695
298.2	9.979740560048096
298.4	10.036877068696047
298.6	10.02314852067828
298.8	10.055961703527291
299.	10.071861785248181
299.2	10.032049672352201
299.4	10.025788306881802
299.6	9.991921771913276
299.8	9.986913022153743
300.	10.139105888860215
300.2	10.038797089410284
300.4	10.08553314005709
300.6	10.018686795322775
300.8	10.060290974350197
301.	9.980114878709944
301.2	10.023274437461
301.4	10.065627836342228
301.6	10.182521415435104
301.8	10.080499303843826
302.	9.918117198232563
302.2	9.995612801853323
302.4	9.984380108831308
302.6	10.136775355086886
302.8	9.942264611923575
303.	9.972907046790555
303.2	9.941970967645506
303.4	9.959432997579952
303.6	9.945834685990675
303.8	9.974262337511867
304.	9.95687239081823
304.2	10.002466446191583
304.4	10.090941483342737
304.6	9.789902493594761
304.8	9.950241331256937
305.	9.967575126563045
305.2	9.940085298513157
305.4	10.082914972928274
305.6	10.079998054244761
305.8	9.912452507056143
306.	9.935623547877162
306.2	10.046119016139745
306.4	10.140124856936945
306.6	10.08992797664884
306.8	10.067887669900829
307.	9.90399470974439
307.2	9.975800147103866
307.4	10.052912315067944
307.6	10.030751265763094
307.8	10.144017902286278
308.	10.001169014836538
308.2	9.921045963797171
308.4	10.00257522827507
308.6	9.96283578906506
308.8	9.93879499574806
309.	9.97633713723565
309.2	9.797612981176943
309.4	10.077848798764206
309.6	10.161542601103719
309.8	10.032423853837733
310.	10.100188073562473
310.2	10.054469407413404
310.4	9.981725412983321
310.6	9.829297857245603
310.8	10.08587124444232
311.	9.98214831031986
311.2	9.98292067263766
311.4	10.041125160323125
311.6	9.989953057661932
311.8	10.10893202445907
312.	9.962692307248592
312.2	10.088894225487934
312.4	10.010224278353366
312.6	10.03705907306078
312.8	10.054656754100126
313.	9.937775494613328
313.2	10.009016034055577
313.4	9.993507015762221
313.6	10.096021919190154
313.8	10.054168767214149
314.	9.995617231288884
314.2	9.987936704755205
314.4	9.910660618102881
314.6	10.010719994178789
314.8	9.924413122971167
315.	9.947536926253234
315.2	9.772479705268587
315.4	10.068002700733029
315.6	9.738134130435762
315.8	9.999283559242096
316.	9.86074958675617
316.2	9.896630588243001
316.4	9.925834839146573
316.6	9.715871646221016
316.8	9.853148076654124
317.	9.796417792169118
317.2	9.883065486461112
317.4	9.861989480284178
317.6	9.787314626874746
317.8	9.8024807580057
318.	9.82973007882491
318.2	9.694198563596535
318.4	9.65705270504156
318.6	9.724123696485865
318.8	9.671358892012051
319.	9.721162151636586
319.2	9.634887868207342
319.4	9.627061095742107
319.6	9.57127704770681
319.8	9.411091944636325
320.	9.50312213181003
320.2	9.42159069726348
320.4	9.444291350193199
320.6	9.435375602414057
320.8	9.28271943632094
321.	9.358619174554775
321.2	9.269514264455012
321.4	9.245415181509719
321.6	9.006295533453144
321.8	9.059050484752138
322.	8.965970245533969
322.2	8.860434359855711
322.4	8.653628931976028
322.6	8.72338016207443
322.8	8.716997448010206
323.	8.515924907936622
323.2	8.425295642916407
323.4	8.42971772690683
323.6	8.240951875318538
323.8	8.221842954686805
324.	8.205927983744429
324.2	8.051968597642627
324.4	7.861959675412169
324.6	7.684521574490107
324.8	7.75260332621645
325.	7.627556817761815
325.2	7.455464604560873
325.4	7.325135010222547
325.6	7.289115918668845
325.8	7.1339414888900174
326.	6.950149471190582
326.2	6.9355137013006285
326.4	6.79630334051051
326.6	6.736758590803471
326.8	6.664454101916457
327.	6.653431243605007
327.2	6.426240495444125
327.4	6.424623818317551
327.6	6.099750250340929
327.8	6.307581603114053
328.	5.9792936951381215
328.2	6.002941027161403
328.4	6.025675127973437
328.6	5.938973356471163
328.8	5.8483323524180895
329.	5.898877338725722
329.2	5.927901101588723
329.4	5.7746788376295015
329.6	5.646011220445024
329.8	5.5506557164667
330.	5.626051578447421
330.2	5.542544408057827
330.4	5.429028713488915
330.6	5.413258340692252
330.8	5.425672525906745
331.	5.40157339695138
331.2	5.264571303831308
331.4	5.421283035300435
331.6	5.205993563420913
331.8	5.410355918312091
332.	5.252511263394855
332.2	5.19415827155653
332.4	5.006181773984485
332.6	5.173599697338982
332.8	5.297450307190628
333.	5.174854713828465
333.2	5.172434382664615
333.4	4.910191347351599
333.6	5.150605509738914
333.8	5.0797239271759915
334.	5.011313099378906
334.2	5.013724446697428
334.4	5.014936636774125
334.6	5.1498380185305574
334.8	5.205582095897195
335.	4.898869680330152
335.2	5.111722789926398
335.4	5.128931215347557
335.6	5.106498561147484
335.8	5.006233097030719
336.	5.1179548205771095
336.2	5.129983052703099
336.4	5.02570551329141
336.6	4.879905429767311
336.8	5.137350020529104
337.	4.955053889504181
337.2	5.22649121777764
337.4	5.135337841211647
337.6	5.182816462103469
337.8	5.0551110708846
338.	5.002071338109407
338.2	5.048512182153151
338.4	5.028643857725602
338.6	5.129995770581231
338.8	4.93968984501454
339.	4.8851470542053335
339.2	4.8830621992555825
339.4	5.057106317267673
339.6	4.90936467790374
339.8	5.07905827644781
340.	4.9308733092755554
340.2	4.9199708780464695
340.4	5.1963131085880585
340.6	4.9919218199203526
340.8	5.033398937180491
341.	5.00811876111304
341.2	4.984168010996513
341.4	5.003408005738966
341.6	5.01982171944589
341.8	4.978623152455591
342.	4.944223331854709
342.2	4.906808983456295
342.4	5.063062088295436
342.6	5.096680826073403
342.8	5.081719679620298
343.	5.0220672947463
343.2	5.0061575298911345
343.4	4.813245870737008
343.6	5.068384809559252
343.8	5.081624298250918
344.	5.03440459253623
344.2	5.016535104608852
344.4	4.962561545947829
344.6	4.966188098921649
344.8	4.921040047840016
345.	4.95412450098052
345.2	4.960651289371479
345.4	4.999055581903683
345.6	4.9244038842484805
345.8	5.035322420842667
346.	4.936575855558345
346.2	4.9922086963572
346.4	5.035140512979933
346.6	5.24816648121749
346.8	4.900459210604401
347.	4.910313605136545
347.2	5.006812591028196
347.4	4.964199151172831
347.6	4.92668656849518
347.8	5.103993102599027
348.	5.169040866643983
348.2	5.040652800117751
348.4	4.9768100660130505
348.6	4.849173378692539
348.8	4.869679508355001
349.	4.835162450120759
349.2	5.050957124121408
349.4	5.029269863944974
349.6	5.03075139047356
349.8	4.956839940323543
350.	5.029474909698795
350.2	4.904146247521606
350.4	5.026447620113847
350.6	4.991816501571839
350.8	5.038371589737711
351.	5.036132600934709
351.2	4.93990860441655
351.4	4.944715141081441
351.6	4.951624952003343
351.8	4.9260462424386455
352.	4.964277226376077
352.2	5.054600769939022
352.4	4.914766120088406
352.6	4.93104708194645
352.8	5.044931415045166
353.	4.91261514035073
353.2	4.991597858930781
353.4	4.925271556049465
353.6	5.108054013706968
353.8	5.156745470484923
354.	4.913104431938787
354.2	4.91118192390262
354.4	5.074552451049228
354.6	4.952275347586469
354.8	4.9338312575475145
355.	5.015470600145968
355.2	4.9511976079864
355.4	4.895872433298127
355.6	5.060279895722
355.8	5.046040324845288
356.	4.981035153116769
356.2	4.969190418456985
356.4	5.025693609178805
356.6	5.115453602451988
356.8	5.020966523891557
357.	4.942245939904504
357.2	5.098620622403096
357.4	5.0507159404195185
357.6	4.93629600776453
357.8	4.900976728765322
358.	4.873514312855313
358.2	4.971856552637312
358.4	5.049612345988082
358.6	5.134757038947569
358.8	4.911667311744649
359.	5.097665172140554
359.2	4.951585581679198
359.4	5.028136669029546
359.6	4.932192934843476
359.8	4.961328520154141
360.	5.0170806998668915
360.2	5.017623432545582
360.4	4.934173057946556
360.6	5.040377072180447
360.8	5.044841109469639
361.	5.041456283408701
361.2	5.020345900900405
361.4	4.948428520835857
361.6	5.037667013030366
361.8	5.036942116443971
362.	4.997683728313787
362.2	5.0565877233731795
362.4	5.09660886394473
362.6	5.1642551326759465
362.8	4.932864183887546
363.	5.119814284022738
363.2	4.93883481489078
363.4	5.0120617606173195
363.6	4.98163248294116
363.8	4.88891586769964
364.	4.975995508743043
364.2	4.98281343337926
364.4	5.047503166183863
364.6	4.831148255836172
364.8	5.035653578122728
365.	4.997970956350945
365.2	5.056760365942525
365.4	4.9596504165664
365.6	4.962257990463452
365.8	4.968501981588163
366.	5.175246054983905
366.2	5.064033640717545
366.4	4.855368503212894
366.6	5.017307777555735
366.8	4.844074587515307
367.	4.960920230249366
367.2	5.034220664999288
367.4	5.034473540784766
367.6	4.876497171396352
367.8	5.007300832833503
368.	5.081933317421224
368.2	5.047803682386447
368.4	5.097197057837865
368.6	5.061704213772098
368.8	4.892965055374052
369.	5.000043159146075
369.2	5.10895141626754
369.4	5.014441208391958
369.6	5.017259568450217
369.8	4.968804053037941
370.	4.955181799315656
370.2	5.033165933223645
370.4	4.886690674550364
370.6	5.010621418507332
370.8	4.957007755712998
371.	4.994460510393654
371.2	5.096755009624106
371.4	4.8620105984104125
371.6	5.135631426697798
371.8	4.901557620395893
372.	5.1373110180286155
372.2	5.116364753221139
372.4	4.891116642977176
372.6	5.117373889268833
372.8	5.142543045587818
373.	5.045066891596875