273.	10.07894916447302
273.2	10.009169834162515
273.4	10.052901588651908
273.6	9.925657924544135
273.8	10.09947145257877
274.	9.84757520385589
274.2	10.061975724315861
274.4	10.093179980240595
274.6	10.030498166860042
274.8	9.85090068710836
275.	9.895790396045674
275.2	9.968083389814717
275.4	9.926313363139066
275.6	9.966654626270353
275.8	9.961906468016883
276.	10.028242492001327
276.2	9.933219102242536
276.4	9.94504390716575
276.6	9.936186471582829
276.8	9.887922047116058
277.	9.923477823940532
277.2	10.163186195791733
277.4	10.046409144781114
277.6	9.950630149665646
277.8	9.991741680394954
278.	10.040622677877849
278.2	9.949971362970354
278.4	10.049787669973911
278.6	10.002717433826808
278.8	10.045045332549105
279.	9.976108866194235
279.2	9.865188531297635
279.4	10.096602940744832
279.6	9.85653999246731
279.8	9.993207474959554
280.	10.110053902166985
280.2	10.055631024778274
280.4	10.0808455117293
280.6	9.993514770585305
280.8	9.975989377123037
281.	10.127748071536393
281.2	10.13080235158746
281.4	9.902373206712229
281.6	9.975322532013752
281.8	9.94137639044527
282.	10.046484720513265
282.2	10.116285462046221
282.4	10.097962895773007
282.6	10.0798852905842
282.8	10.037184340803078
283.	10.012670838760334
283.2	9.96449744055526
283.4	10.015355540290686
283.6	9.896043152326095
283.8	9.907824581967176
284.	10.107384485009185
284.2	10.128896841426602
284.4	10.085646584357239
284.6	10.0414782144961
284.8	10.133772100761764
285.	10.121011201566825
285.2	10.119856862903635
285.4	10.044977590954366
285.6	10.005872075088488
285.8	9.962128423984458
286.	9.941670613660463
286.2	10.081376064650772
286.4	9.867764168929583
286.6	10.105048432038341
286.8	9.937284996832757
287.	10.0773641379713
287.2	9.964891669616982
287.4	10.129100894639935
287.6	10.012927106206998
287.8	10.002353003739719
288.	9.895040751011042
288.2	9.98142079155511
288.4	10.031451922462766
288.6	9.941801888886499
288.8	9.972713490038403
289.	9.982749033958974
289.2	9.961685394059646
289.4	9.89862414471946
289.6	10.078247381904843
289.8	9.864549295313177
290.	9.9939583228385
290.2	10.01784573599951
290.4	9.997260284313043
290.6	9.919244543521739
290.8	10.084165590365354
291.	10.129938187883608
291.2	9.889881520213935
291.4	9.9606160140838
291.6	10.03701613192368
291.8	10.005030207420074
292.	10.01058256306128
292.2	9.973665276160443
292.4	9.876410345866223
292.6	10.150661562446219
292.8	10.030419406632532
293.	9.91790912863884
293.2	10.13303020893117
293.4	9.908836117387612
293.6	9.955878352561129
293.8	9.96744182577416
294.	9.948137662349298
294.2	9.898658427709117
294.4	10.030461662886204
294.6	10.00615685105002
294.8	9.945584501992247
295.	10.033379592058978
295.2	9.877591306584248
295.4	9.915686645741197
295.6	9.81622418720088
295.8	10.052377211037719
296.	10.079869479800209
296.2	10.017162255582887
296.4	9.921948946612284
296.6	9.990730810364804
296.8	9.960637979406712
297.	10.134860804201917
297.2	9.975464822498017
297.4	10.077474571147674
297.6	9.992957598547541
297.8	10.011831182565615
298.	10.023283154565394
298.2	10.048530905277818
298.4	10.053502636266387
298.6	9.975383403192097
298.8	9.859247542609713
299.	10.036287501795334
299.2	10.026863095767188
299.4	10.069148035346176
299.6	9.856393501716816
299.8	10.043585624353696
300.	10.04482125985602
300.2	10.035694677908987
300.4	9.966223381729893
300.6	10.033197481526129
300.8	10.008994890483486
301.	9.916926754054037
301.2	9.939830013058495
301.4	9.980682529261658
301.6	9.76810789480544
301.8	10.049791979562693
302.	10.048716888855411
302.2	10.019086387882139
302.4	10.007391753862121
302.6	10.180354573642335
302.8	9.86482958467107
303.	10.009366649384921
303.2	10.000374483938272
303.4	10.050813930931845
303.6	9.888413556611813
303.8	9.895930850481843
304.	10.079333678898134
304.2	9.950177358486217
304.4	10.040077926599439
304.6	9.948681246413274
304.8	9.966342240456466
305.	9.962538206278152
305.2	10.057618617196457
305.4	10.05849687303557
305.6	9.985224025655862
305.8	9.984703109193063
306.	10.044945083532312
306.2	9.985116495828034
306.4	10.094987294825636
306.6	9.927565538029707
306.8	9.99530530833193
307.	10.072169871817733
307.2	9.778739274799625
307.4	10.078230533530938
307.6	9.865004474312322
307.8	9.984670404662877
308.	9.990461196867555
308.2	9.92882633991765
308.4	9.935114575498668
308.6	9.970245718392036
308.8	9.921655389365345
309.	9.88714152411515
309.2	10.052381373242902
309.4	9.9764119209557
309.6	9.837820219947776
309.8	9.901416398742612
310.	10.163629305946364
310.2	9.85305044973959
310.4	9.924231916320656
310.6	10.001081936566727
310.8	9.917015544764752
311.	9.871609409313129
311.2	9.967712058384148
311.4	9.977181246400962
311.6	10.007283056177169
311.8	9.90773951907328
312.	9.64908836417113
312.2	9.724560004778185
312.4	9.850925386503137
312.6	9.868749212941628
312.8	9.866951002000562
313.	9.80428636052261
313.2	9.700726954761148
313.4	9.73905413610267
313.6	9.728551417989568
313.8	9.673619343830731
314.	9.646321253754081
314.2	9.559153660960762
314.4	9.778606720606218
314.6	9.675172058597562
314.8	9.550941807462172
315.	9.7046901395721
315.2	9.537859614115694
315.4	9.483574945208549
315.6	9.558617863114328
315.8	9.66798370679549
316.	9.435573926702073
316.2	9.381392945795849
316.4	9.273298657973282
316.6	9.28753054924535
316.8	9.150374564030674
317.	9.183922712301213
317.2	9.157192821357707
317.4	9.123072230049978
317.6	8.953116988557984
317.8	8.942744786945388
318.	8.81702716127905
318.2	8.794719370782186
318.4	8.727724019702944
318.6	8.670622922326594
318.8	8.547514875661578
319.	8.425440492095397
319.2	8.393003737197295
319.4	8.23601428560468
319.6	8.136866886216245
319.8	8.131870592348793
320.	8.111923464951271
320.2	7.900216816512196
320.4	7.846641237341483
320.6	7.8198625592587945
320.8	7.599328317765662
321.	7.6310919534131365
321.2	7.465430559274978
321.4	7.341286550671738
321.6	7.24682752545983
321.8	7.313510186564526
322.	7.179390122297306
322.2	6.934696018183199
322.4	6.890469091298552
322.6	6.863486105211726
322.8	6.768880734489025
323.	6.764324645338349
323.2	6.424268787430974
323.4	6.5471487682476806
323.6	6.428532892918008
323.8	6.352026725751298
324.	6.201748223677277
324.2	6.253666543012687
324.4	5.99040961366408
324.6	6.006096931219283
324.8	5.96200837640475
325.	5.951735932269596
325.2	5.843791191450056
325.4	5.947752142607813
325.6	5.775800402650058
325.8	5.74922164052648
326.	5.6022547751582845
326.2	5.750780085607911
326.4	5.67499591938014
326.6	5.580484296190423
326.8	5.369889474350002
327.	5.540420081338808
327.2	5.448056458899316
327.4	5.377478899813179
327.6	5.397968005580626
327.8	5.263455115821611
328.	5.466064482596981
328.2	5.273347946967688
328.4	5.235649533692665
328.6	5.153747736097653
328.8	5.131521824322194
329.	5.158975129880727
329.2	5.401605766903185
329.4	5.164070602675483
329.6	5.173197337050828
329.8	5.230073730160552
330.	5.153659730575618
330.2	5.184017906642766
330.4	5.099935558340232
330.6	5.081761598555327
330.8	5.287857878884815
331.	5.190555088414008
331.2	5.078185062335191
331.4	4.929906534776731
331.6	5.082417281094756
331.8	5.223991267915901
332.	5.110000087799968
332.2	5.0995559437478715
332.4	4.960097599015801
332.6	5.13786403151226
332.8	5.1007125582022415
333.	5.017302860913142
333.2	5.029861746085734
333.4	4.915464795267614
333.6	5.150864329016795
333.8	5.1957109091364035
334.	4.969343517768443
334.2	5.0704069002396785
334.4	4.988816462063473
334.6	5.066061967951809
334.8	5.125349372590169
335.	5.0741030729171035
335.2	5.071204820814006
335.4	4.95795692462141
335.6	4.864835819767916
335.8	5.121090432660164
336.	4.986589384358187
336.2	5.153031465329351
336.4	5.131308854310951
336.6	5.138907033838036
336.8	4.986078724956501
337.	5.042377977205846
337.2	4.953017742116495
337.4	4.96416702315546
337.6	4.820529868034745
337.8	5.168848815047314
338.	5.041627566234838
338.2	5.061268695533145
338.4	4.889195702724537
338.6	5.075035436739351
338.8	4.9664023723169795
339.	5.109989606190496
339.2	5.040924473874981
339.4	5.157316750183834
339.6	4.9715869338492515
339.8	4.881958830348778
340.	5.054517151236075
340.2	4.853628812465634
340.4	5.045149302931941
340.6	4.900379530686581
340.8	5.030456801979112
341.	4.977798080511987
341.2	4.954288992120322
341.4	5.013072018361866
341.6	4.9693353656280115
341.8	4.954337358325114
342.	4.995051613468717
342.2	5.076884298323505
342.4	4.95280021373567
342.6	4.911938926451797
342.8	4.869054990424589
343.	5.054584039632989
343.2	4.947041696730769
343.4	4.95492276369391
343.6	5.020962064850677
343.8	4.950974145924997
344.	5.003026575338749
344.2	5.064938985778667
344.4	5.0771912339414635
344.6	5.065742311461838
344.8	4.959824968721456
345.	5.034163013081443
345.2	5.069453819327027
345.4	5.051909231765393
345.6	4.8470265441781155
345.8	4.979285586947643
346.	5.034926905946455
346.2	5.064546640662161
346.4	4.878523375068796
346.6	5.018988739348643
346.8	4.932634877282942
347.	5.096550472860129
347.2	5.055320131803972
347.4	5.1101089419470584
347.6	5.170307691588562
347.8	5.0076458541308275
348.	4.831569512747754
348.2	5.077542077017654
348.4	4.966338753648096
348.6	5.021441882561729
348.8	5.077083952605808
349.	4.979333857102823
349.2	4.965728448502831
349.4	4.9888045354701065
349.6	4.8358399813892134
349.8	4.869676140348933
350.	4.7790779869822035
350.2	4.983859886623246
350.4	5.018053104497565
350.6	4.9192288479626445
350.8	4.852208414835253
351.	4.987340939185881
351.2	4.945802326554773
351.4	5.131292886382069
351.6	5.0443834578368465
351.8	5.017066981106542
352.	4.946535680890009
352.2	4.97564489797103
352.4	5.0637905428234085
352.6	4.984914546694696
352.8	5.031654567292594
353.	5.073879888790116
353.2	4.9276716522388515
353.4	5.0455859072547495
353.6	5.047364143134081
353.8	5.041776083367748
354.	5.087263258083329
354.2	5.16490627884409
354.4	5.022832979141861
354.6	4.953571903082124
354.8	5.15377897555587
355.	5.115919522956092
355.2	5.067407980633897
355.4	5.171268961812963
355.6	4.99281425886444
355.8	5.073262660593484
356.	4.988310300693719
356.2	4.990240015888817
356.4	4.854410012229287
356.6	5.009774079057147
356.8	5.021809759994343
357.	4.834348936819748
357.2	5.0716108249962435
357.4	4.9405787602751365
357.6	5.0000353068288454
357.8	4.962946521725853
358.	5.062555102115672
358.2	4.861553780461579
358.4	4.9864460428976765
358.6	4.967035909898004
358.8	4.955813119455278
359.	5.108692977252956
359.2	5.035714189159835
359.4	4.858188678037599
359.6	5.095819768123919
359.8	5.103124517561373
360.	4.981377328654095
360.2	4.952634508145899
360.4	4.992121244170143
360.6	5.01670474752052
360.8	5.10521060711973
361.	4.967645599783121
361.2	4.920608006155847
361.4	4.947066384679847
361.6	4.876545230260944
361.8	5.0484988606698185
362.	4.954630441401531
362.2	5.086437160671049
362.4	5.1341066762532
362.6	4.88854866850525
362.8	5.051285331776063
363.	4.96852125954948
363.2	5.0160877478369335
363.4	5.013735935153593
363.6	4.941261726721944
363.8	5.067793262263554
364.	5.0807435441579125
364.2	5.05830335566632
364.4	4.977983572797317
364.6	5.022581579166824
364.8	4.939512646270153
365.	4.998664415306559
365.2	5.015729278287979
365.4	5.062195604792295
365.6	5.080871033217856
365.8	5.039012359365537
366.	4.950932567747744
366.2	5.076287681702416
366.4	4.886267606384943
366.6	5.045902308771914
366.8	4.995604138642675
367.	5.119511117359812
367.2	5.030163288977442
367.4	5.054082390748778
367.6	4.91733208339611
367.8	5.004018125098815
368.	4.952655258109512
368.2	5.090701396446938
368.4	5.020973422866842
368.6	5.069984588634785
368.8	4.929716444424025
369.	5.058058815115684
369.2	5.007097019208236
369.4	5.03501545223604
369.6	4.914697682894855
369.8	5.210653267229962
370.	5.037767494814407
370.2	5.217851558682924
370.4	5.047672685026673
370.6	5.033986909424836
370.8	5.093013075084884
371.	5.031559869781219
371.2	4.94160570348145
371.4	5.003057054108779
371.6	4.92412468781359
371.8	4.95540426342769
372.	5.00749699644471
372.2	4.9459744023221255
372.4	5.007591452776372
372.6	4.941418278245471
372.8	5.066905235332296
373.	4.98051671677011