273.	9.932144580175859
273.2	10.026577445937296
273.4	10.044672085863175
273.6	9.99827708594686
273.8	9.919610033824558
274.	10.023915863116887
274.2	9.972260684289996
274.4	9.975678944447532
274.6	9.97297010010501
274.8	10.061940401431626
275.	9.875739560449379
275.2	10.021744321407308
275.4	10.072079351797521
275.6	10.160437379963179
275.8	10.082460236579712
276.	10.007653529421232
276.2	9.951224102404531
276.4	10.056515083812645
276.6	10.062936185570146
276.8	9.94999044315711
277.	10.125142322744157
277.2	10.019947267602305
277.4	9.958479421895651
277.6	10.032293143323196
277.8	9.887293208502452
278.	10.053148867319207
278.2	9.975198227070385
278.4	10.028598942091739
278.6	10.146579927613045
278.8	10.007985241921958
279.	10.039528177925357
279.2	9.90216290042247
279.4	10.065227959493358
279.6	9.994193859457313
279.8	9.962862108600612
280.	10.00580552367172
280.2	10.02603958262393
280.4	10.009636898359176
280.6	9.962745067226063
280.8	9.916936722545614
281.	9.928425986009097
281.2	9.94356800015626
281.4	9.973672881137196
281.6	10.0744629193808
281.8	9.89174522670568
282.	10.072599299895122
282.2	10.132903564255175
282.4	9.973765651290837
282.6	10.070075266044903
282.8	9.95700686601273
283.	10.006294821060873
283.2	10.085989904889292
283.4	9.915395898759662
283.6	9.951611050074252
283.8	10.098999277976066
284.	9.97538866700335
284.2	9.961561564446436
284.4	9.859613361150132
284.6	10.014892338786732
284.8	9.987061112240681
285.	9.96414040750368
285.2	9.99402352496974
285.4	10.02043845633757
285.6	10.009396800546343
285.8	9.939132756414859
286.	9.958407756550155
286.2	9.873482556439024
286.4	9.922720594554479
286.6	10.016267872085571
286.8	10.106639566086951
287.	10.074079167650531
287.2	9.977941184841658
287.4	9.970143134517645
287.6	10.068075964840164
287.8	9.97400446329639
288.	10.033486012801573
288.2	10.139584023473876
288.4	10.056565755493052
288.6	9.968634840532516
288.8	9.971618065406572
289.	9.89304919485118
289.2	9.986428860320338
289.4	9.920050769505963
289.6	9.91665054251269
289.8	10.017276506399188
290.	9.958296547750146
290.2	9.980079455160201
290.4	9.8667681755236
290.6	9.990906658693884
290.8	9.912828143512074
291.	9.989332761094344
291.2	9.9956701109696
291.4	9.916335663023627
291.6	10.054111342384958
291.8	10.01844618598381
292.	9.88046652862797
292.2	10.018583728647078
292.4	10.070163324241811
292.6	10.040683799359739
292.8	9.874574453458338
293.	9.953005496240703
293.2	10.056903833966846
293.4	10.19630031765077
293.6	9.937712098439272
293.8	9.926257119641912
294.	9.966195589954832
294.2	9.929352258411317
294.4	9.984203597375325
294.6	9.937715738297518
294.8	9.960546128978002
295.	9.911422074957716
295.2	10.080190419175723
295.4	9.99276814330614
295.6	10.04653175168847
295.8	10.009979398494966
296.	9.949639939897025
296.2	10.009339943657777
296.4	9.904523933102144
296.6	9.971006797461614
296.8	9.96605654989962
297.	9.919595721004692
297.2	10.224344937610908
297.4	10.011511694611169
297.6	10.099203826593428
297.8	9.990164406938764
298.	10.079829168374168
298.2	9.870215815772385
298.4	9.889300039001567
298.6	10.019513327684344
298.8	10.027648290842361
299.	9.905051062527972
299.2	9.86461809644237
299.4	10.080420597136134
299.6	9.872620070596042
299.8	10.061444364049118
300.	9.935547275003161
300.2	10.195380972654856
300.4	9.794591639764402
300.6	9.943616658982387
300.8	10.014868969262677
301.	10.011870862097869
301.2	10.181697781047346
301.4	9.94277669427007
301.6	9.990544498517014
301.8	9.838071316180036
302.	9.98228276073336
302.2	9.99555750704488
302.4	10.11245557494549
302.6	9.983385450091593
302.8	9.868018209153062
303.	10.132341876517081
303.2	9.883424114080826
303.4	9.98259521087024
303.6	9.917565895794814
303.8	10.131582459534835
304.	9.932792621533723
304.2	9.827824269922484
304.4	9.940352712461884
304.6	10.04275674679515
304.8	9.856757511647249
305.	10.057625667689328
305.2	10.032737303243255
305.4	10.017874787138826
305.6	9.914231319277548
305.8	10.058101289401366
306.	10.07698864063641
306.2	10.106485508037684
306.4	9.800304003183468
306.6	9.846788666334003
306.8	10.046312745117017
307.	9.856536543300049
307.2	9.966625673942223
307.4	9.955977328007213
307.6	10.010546693341077
307.8	9.981467193121253
308.	9.913353676324192
308.2	9.898567131709656
308.4	10.011867141562435
308.6	9.870166426562871
308.8	9.968307366541225
309.	10.081337070209408
309.2	9.796350659975923
309.4	9.81915811224011
309.6	10.044046641189011
309.8	10.101185224700405
310.	10.003015295122891
310.2	9.945063151000982
310.4	9.972016829559044
310.6	9.954458117195895
310.8	9.818497348469593
311.	9.916968973423183
311.2	10.018053802145497
311.4	9.820586953482053
311.6	9.91225529452558
311.8	10.076274827702377
312.	9.894065881772532
312.2	9.954117884771637
312.4	9.836627075146335
312.6	9.86987421354746
312.8	9.746769087711352
313.	9.917418605503412
313.2	10.020655626401988
313.4	9.792563089192349
313.6	9.90970381387698
313.8	9.85232484543817
314.	9.81935913133398
314.2	9.73755181217965
314.4	9.685685177551328
314.6	9.683944239447884
314.8	9.845718546417078
315.	9.638788043380424
315.2	9.487106608214402
315.4	9.610526419858761
315.6	9.596877834732139
315.8	9.710400396345172
316.	9.432845410881436
316.2	9.551252552763035
316.4	9.514403188158253
316.6	9.227898249896015
316.8	9.322320357421837
317.	9.333731821883605
317.2	9.203703836094727
317.4	9.096055636942497
317.6	9.189168867171748
317.8	9.136281929269877
318.	9.027820783947078
318.2	9.016391032920435
318.4	8.77640216016374
318.6	8.886357421952225
318.8	8.797495475151011
319.	8.486888253002457
319.2	8.404489346591653
319.4	8.324180038026828
319.6	8.38119194031816
319.8	8.22856920785278
320.	8.143089375976256
320.2	8.12607758609859
320.4	7.972294363838224
320.6	7.8226480636914575
320.8	7.636498762131976
321.	7.653022424020389
321.2	7.368228824963479
321.4	7.282853172666153
321.6	7.393071508109424
321.8	7.312224940776203
322.	7.1476133758127105
322.2	7.0276204532340625
322.4	6.889886922073105
322.6	6.747795920773296
322.8	6.6700738051977595
323.	6.572985543472675
323.2	6.412260798597642
323.4	6.443603582117859
323.6	6.3740497437907155
323.8	6.20637152415405
324.	6.201092960890576
324.2	6.060840377753457
324.4	5.994822620653545
324.6	5.840580541061187
324.8	5.904876611416475
325.	5.7322723561301006
325.2	5.754042809323664
325.4	5.678568470008648
325.6	5.651069943509313
325.8	5.6415153779062175
326.	5.64139789682511
326.2	5.353382733100836
326.4	5.529204860442456
326.6	5.335731522819336
326.8	5.434164233612246
327.	5.39615646705153
327.2	5.502995307980714
327.4	5.188983876214484
327.6	5.3497122403066895
327.8	5.26223088559052
328.	5.372328690192886
328.2	5.268456088917823
328.4	5.182309225709559
328.6	5.224585349973005
328.8	5.1394913886709235
329.	5.163362141051441
329.2	5.198213719364722
329.4	5.098119161616228
329.6	5.221059687316789
329.8	5.153416387718876
330.	5.134051344957408
330.2	5.031493480680297
330.4	5.1575880837679975
330.6	5.075454619665109
330.8	5.097224387909838
331.	4.950719069123958
331.2	4.941825006906555
331.4	5.061048046234266
331.6	5.037591428163668
331.8	5.125974805127046
332.	5.051098044211355
332.2	5.071878872829965
332.4	5.131981892782586
332.6	5.024457195247915
332.8	5.096016503078743
333.	5.020452021017843
333.2	5.049799661861565
333.4	5.041179806961511
333.6	5.026746272795458
333.8	4.951566444575193
334.	4.856316562809534
334.2	4.769639318596266
334.4	5.035014242944414
334.6	4.975215458695503
334.8	5.097634654757519
335.	4.952718798290824
335.2	5.075287055375874
335.4	4.980390478871366
335.6	5.081309798497709
335.8	4.97726247261364
336.	5.065308677543527
336.2	5.137980093008166
336.4	4.968467720719558
336.6	4.874850233750289
336.8	4.943291920430959
337.	5.018555452174049
337.2	4.936135069228877
337.4	4.897196589712387
337.6	5.006322219515395
337.8	4.998232740864068
338.	4.916304372385051
338.2	4.998900223485004
338.4	5.005715650913517
338.6	4.973264693205559
338.8	4.853307100791374
339.	5.064108518763899
339.2	5.09427195429648
339.4	5.090897024219965
339.6	4.984463526558224
339.8	4.902578315296018
340.	4.8755395554018985
340.2	5.078399290261496
340.4	5.174537820914063
340.6	4.9499420435907195
340.8	5.0814476112588505
341.	4.926751881482062
341.2	4.955829323927494
341.4	4.9411628986445
341.6	5.011470048672882
341.8	4.876963855031743
342.	4.950003502808002
342.2	5.075776485116762
342.4	5.09091736580319
342.6	5.075013154458783
342.8	5.063084972242388
343.	4.99204754332666
343.2	5.155466159584115
343.4	5.049416657142404
343.6	4.987634035354556
343.8	4.817468744887765
344.	4.813583839992818
344.2	5.046259687703659
344.4	5.13392135000789
344.6	5.002265967374567
344.8	5.06502882052099
345.	4.935959865911433
345.2	5.089727804054444
345.4	5.115340407561279
345.6	5.117549290970911
345.8	5.084628049304703
346.	4.847664307348299
346.2	4.910394451437587
346.4	5.178624767693113
346.6	4.921120762885142
346.8	5.048365486293082
347.	4.988731147119426
347.2	5.164877026519622
347.4	5.08215853465807
347.6	5.0170273932717775
347.8	5.1178549910608435
348.	4.9818044823562975
348.2	5.03656177984415
348.4	5.010294610749483
348.6	4.988348161812103
348.8	5.0030401925473615
349.	4.993913024882943
349.2	4.996310398914653
349.4	4.961862581290435
349.6	4.983217493793413
349.8	4.878605879753337
350.	4.945856297377773
350.2	4.842400546168637
350.4	5.005317236013805
350.6	4.987323729542415
350.8	4.86628369813072
351.	4.816055646927665
351.2	4.970073012262565
351.4	4.987184288367675
351.6	5.054952528142182
351.8	4.981891242324143
352.	5.00835018565478
352.2	5.032786760995458
352.4	4.96315101966423
352.6	5.046776400447787
352.8	4.888781373770876
353.	4.939183018932703
353.2	5.149544194364617
353.4	5.070270445738674
353.6	4.9563295653303046
353.8	4.980897445959459
354.	4.961404854299316
354.2	5.052031650509655
354.4	5.039445369476996
354.6	5.019698965176698
354.8	4.903378239906595
355.	5.089710919194071
355.2	5.185629240168149
355.4	4.9459788399115965
355.6	5.034280475181534
355.8	4.833730873492767
356.	4.897325095940749
356.2	5.000883429443703
356.4	5.0253644025022455
356.6	4.999904554871277
356.8	5.054242177690698
357.	5.108830200735034
357.2	4.914911086021646
357.4	5.0465076755055005
357.6	4.931795872522174
357.8	4.800765178354472
358.	4.986060495128562
358.2	5.029663980809391
358.4	5.119587116736749
358.6	4.994090607028397
358.8	5.076039954113723
359.	4.838067825986763
359.2	5.034203038540077
359.4	4.944127209513136
359.6	5.004137494271842
359.8	4.974196341653858
360.	4.877225976574655
360.2	5.03097281088521
360.4	5.02884114246384
360.6	5.020859697201225
360.8	4.986887348710126
361.	5.028016274697048
361.2	5.030860996062136
361.4	4.964946925797668
361.6	5.097788969543159
361.8	5.005974056451161
362.	4.982003978608765
362.2	5.096170860133781
362.4	5.0593071705644865
362.6	5.14389389456636
362.8	5.002814838868139
363.	5.14759812469685
363.2	4.822295588673744
363.4	5.0776358289408785
363.6	4.998207235361736
363.8	5.021189671722769
364.	5.041478353306789
364.2	5.064045670937128
364.4	5.044351689870687
364.6	5.030516999966357
364.8	5.021208498414766
365.	4.99965500407731
365.2	5.068803165135876
365.4	5.014578272027942
365.6	4.9466970250880955
365.8	4.879060718125735
366.	4.850560274845979
366.2	5.059209763390135
366.4	4.987579858143196
366.6	5.033194633688762
366.8	4.988643407529497
367.	5.021820931095021
367.2	4.786016031030738
367.4	4.998852146105764
367.6	4.988412421497255
367.8	4.976653516616077
368.	4.965143924530317
368.2	5.020174391604457
368.4	5.039255015736857
368.6	5.0952378626065515
368.8	5.117350960250398
369.	5.024966097382428
369.2	4.843427989499748
369.4	5.022404745638519
369.6	5.171086952080917
369.8	5.084430957924746
370.	4.915873231036598
370.2	4.915400468747711
370.4	5.114608507821327
370.6	4.936164315673314
370.8	5.070899068267256
371.	4.8689372787287875
371.2	5.092979403774086
371.4	4.890595955882708
371.6	4.908577203760199
371.8	4.993186733796075
372.	4.920039316269399
372.2	4.994546572090174
372.4	5.168668081740172
372.6	5.081526608380634
372.8	5.048292798399996
373.	4.983254006590925