273.	9.917122523035713
273.2	10.001230633041775
273.4	9.939130592977028
273.6	10.052187167168025
273.8	10.030726393052136
274.	10.021973149034698
274.2	10.078156675219464
274.4	10.095184698414213
274.6	9.980475134377834
274.8	10.108829143458918
275.	9.946577509086291
275.2	10.186470202806303
275.4	10.101978838776732
275.6	10.003895309769307
275.8	9.927717623842518
276.	9.9614876425146
276.2	9.94688721919461
276.4	9.987234088693524
276.6	9.89401938155356
276.8	10.05880042653494
277.	10.07825716577276
277.2	10.099454736457862
277.4	9.946558100381655
277.6	10.111664345916802
277.8	9.971985323001228
278.	10.055809911943514
278.2	9.982814741575156
278.4	9.812243279377507
278.6	9.985027632351358
278.8	9.975785405068093
279.	9.979595845211959
279.2	10.031137886574063
279.4	10.05179414415024
279.6	10.072170396894977
279.8	9.919500034959432
280.	10.053537910147712
280.2	10.10019478841318
280.4	10.035926114649701
280.6	9.894584023431161
280.8	9.964487519933337
281.	10.053186589331084
281.2	10.068958067688946
281.4	9.928792450613845
281.6	10.065623472788683
281.8	9.948998474472491
282.	10.197622872597677
282.2	10.001970591046556
282.4	10.082263624472073
282.6	10.04550845772264
282.8	10.057321676159725
283.	9.946287785395288
283.2	9.994143028794456
283.4	9.821704338574786
283.6	9.892164943671487
283.8	10.105018764312467
284.	9.943903459682714
284.2	9.984466750979056
284.4	9.962975996475006
284.6	10.181246460218828
284.8	9.988654514726138
285.	10.135568150275938
285.2	9.900306074120765
285.4	9.971875925076516
285.6	9.988698054813582
285.8	10.03825268218682
286.	10.06939251603341
286.2	10.063470357596175
286.4	9.832070274917495
286.6	9.888215247340659
286.8	10.003051261719127
287.	9.92239073819285
287.2	10.037463327250771
287.4	9.89809849679021
287.6	9.962834227075499
287.8	10.123326532636808
288.	10.095336636510245
288.2	10.047853835597422
288.4	10.023316425922568
288.6	9.944143939959389
288.8	9.956639342039129
289.	10.021536522032562
289.2	9.938566354309684
289.4	9.908423738533656
289.6	9.910190373456155
289.8	10.088171022144067
290.	10.046271850493019
290.2	10.152591366720085
290.4	10.023615683145715
290.6	10.085686167194783
290.8	10.037171953613255
291.	9.906145347802195
291.2	9.797901245365265
291.4	10.024682181965089
291.6	10.020156971553707
291.8	9.984354484106138
292.	9.958731453429069
292.2	10.018259973933585
292.4	9.778313281070904
292.6	10.070982170871382
292.8	9.931832594084147
293.	10.01000661890976
293.2	9.98477736198467
293.4	9.935276597374653
293.6	10.018484844792932
293.8	10.023383392741998
294.	9.915412720295036
294.2	9.890059327794397
294.4	10.134450050682501
294.6	10.003681564318082
294.8	9.862733465401785
295.	10.085383773879206
295.2	10.036034309742618
295.4	10.095527419210555
295.6	10.024449342853783
295.8	9.95950362086423
296.	10.128291903289167
296.2	9.915106196449868
296.4	9.956368597114425
296.6	10.116087504372386
296.8	9.934819208363672
297.	10.097843712599479
297.2	10.054525092534805
297.4	10.005279725511814
297.6	10.058787519120973
297.8	10.053734713636898
298.	9.983871780419847
298.2	9.94170405059022
298.4	10.001140555676615
298.6	10.101583109144014
298.8	10.076715357824742
299.	10.020732012635104
299.2	9.968965034287677
299.4	10.027247548192975
299.6	10.031171501172604
299.8	10.012573381798221
300.	10.183017855632185
300.2	9.994212902318745
300.4	10.023548661076125
300.6	10.010090380803716
300.8	9.976899320936463
301.	10.07414594456466
301.2	10.005554823840933
301.4	10.109496241345914
301.6	9.90820795312605
301.8	10.022652891257158
302.	9.977262499543704
302.2	10.087278344414381
302.4	10.014442773064067
302.6	10.024216520819868
302.8	9.974283298617468
303.	10.13275729383904
303.2	10.004456015588083
303.4	10.01651173870105
303.6	10.174624176648802
303.8	10.072562072104093
304.	9.917384446778547
304.2	10.109506412666612
304.4	10.008158809402465
304.6	10.005723355281557
304.8	10.189140242136968
305.	10.021527023282212
305.2	9.896581727835233
305.4	10.028668609076746
305.6	10.084045865847822
305.8	9.858282320586536
306.	10.086563739558779
306.2	9.907043894171325
306.4	9.968500843704486
306.6	9.925856938144685
306.8	10.054108074434017
307.	10.063065871352924
307.2	10.06253820463809
307.4	10.079138243295917
307.6	9.90980313563319
307.8	10.036655318255379
308.	9.887803179463626
308.2	9.932182550258984
308.4	9.9880545463905
308.6	10.121342204188302
308.8	9.925403795801268
309.	9.977844707409824
309.2	9.975259111392914
309.4	9.890056132488642
309.6	9.950515272741281
309.8	9.938077637462083
310.	10.016684941708936
310.2	9.87029598579156
310.4	9.959127693536146
310.6	10.05753118531626
310.8	9.84900154115272
311.	10.123823856879563
311.2	10.034855572468977
311.4	9.854681200289335
311.6	9.948992746443656
311.8	9.974736881216536
312.	9.839004950743352
312.2	9.940207559756338
312.4	9.853970282731225
312.6	9.903913154049224
312.8	9.871953968370528
313.	9.830467690300106
313.2	9.9079570928343
313.4	9.813505589716192
313.6	9.799514579686969
313.8	10.000543407279697
314.	9.945892027077035
314.2	9.864177564703137
314.4	9.689367620002496
314.6	9.898740056876465
314.8	9.858153762843173
315.	9.745541839957754
315.2	9.708455903926698
315.4	9.80303011754184
315.6	9.722011746364355
315.8	9.6083589264002
316.	9.644403309408263
316.2	9.522765239966683
316.4	9.522221127137861
316.6	9.549015275921752
316.8	9.544396126779251
317.	9.464445619055926
317.2	9.458823855354115
317.4	9.377051063295577
317.6	9.263310252312715
317.8	9.277552687620231
318.	9.091973435928221
318.2	9.031574646442705
318.4	8.987809992070071
318.6	8.87433646495888
318.8	8.82927135323416
319.	8.759179074929333
319.2	8.695894297831739
319.4	8.613215683247654
319.6	8.515909319418318
319.8	8.363119040525246
320.	8.255613449515518
320.2	8.221610819166834
320.4	7.884308750605756
320.6	7.777593590796512
320.8	7.6596342430685125
321.	7.654400777668603
321.2	7.294502007329592
321.4	7.522023425235506
321.6	7.141027723130448
321.8	7.177300487068888
322.	6.862596531023032
322.2	6.89111121565859
322.4	6.720063101043416
322.6	6.704803392675872
322.8	6.694262534796355
323.	6.401398379932754
323.2	6.302145230253679
323.4	6.222822982281298
323.6	6.265690172364884
323.8	6.069935842303395
324.	5.974078367552209
324.2	5.890068628701297
324.4	5.933665886492599
324.6	5.799298960573416
324.8	5.691468489659782
325.	5.693240949879703
325.2	5.582630761595555
325.4	5.616545223539844
325.6	5.473386941365086
325.8	5.450782388947757
326.	5.419532913126486
326.2	5.448525043869497
326.4	5.558708749999367
326.6	5.546660239157416
326.8	5.415846523238233
327.	5.266471206382206
327.2	5.201000715934591
327.4	5.157755022885067
327.6	5.207945602037065
327.8	5.1494025449942065
328.	5.10464271720833
328.2	5.206348238063369
328.4	5.241425517049886
328.6	5.173897087727301
328.8	5.20552106645945
329.	5.17279264364343
329.2	5.194043961218351
329.4	5.0952838907023414
329.6	5.107073774719561
329.8	5.126594860404416
330.	5.115835185403751
330.2	5.066447957860661
330.4	5.008254956239374
330.6	5.080921294580544
330.8	5.030428150922951
331.	5.022818665976826
331.2	4.940771134790851
331.4	4.900339958191305
331.6	4.891626386095339
331.8	5.09340170940672
332.	4.976107150411604
332.2	5.024053324312536
332.4	4.962527780962639
332.6	5.096258245040983
332.8	5.123086503752528
333.	5.054530713164463
333.2	5.0312620339612755
333.4	5.003628704826034
333.6	4.913831460123514
333.8	5.045074940476679
334.	5.09150336131629
334.2	5.097256565042714
334.4	4.919273164968598
334.6	4.939514464149616
334.8	5.05616241181765
335.	4.80930240282587
335.2	5.093563511555048
335.4	4.8794341344918175
335.6	5.101888777480359
335.8	5.148716182084728
336.	5.019862173172466
336.2	5.096452452555782
336.4	5.050955154466508
336.6	5.051034749279163
336.8	4.889620606180284
337.	4.942587470322846
337.2	4.910438475962127
337.4	5.069298300301055
337.6	4.994752096997063
337.8	5.012532598682924
338.	4.984971838268603
338.2	5.012505316575924
338.4	4.848261634523407
338.6	4.963998385426774
338.8	4.884665653665586
339.	4.9502556689219155
339.2	5.034113333723166
339.4	5.099271222177978
339.6	4.895855466227277
339.8	5.021660355064786
340.	5.107563620322255
340.2	5.152707526755375
340.4	4.918925006912904
340.6	5.018313663849636
340.8	5.115065580439225
341.	4.949990973310112
341.2	4.836796742117535
341.4	5.148780949588032
341.6	4.876459650999042
341.8	5.068785419598099
342.	5.039174642359894
342.2	5.02514053107746
342.4	5.086010734302417
342.6	5.042138787027392
342.8	4.9929524059551875
343.	5.227317478735813
343.2	4.993466594213713
343.4	4.874270504199025
343.6	5.039210482349623
343.8	4.825491896117983
344.	4.896193582431607
344.2	4.892679601324178
344.4	4.9108776780651695
344.6	4.988189422708749
344.8	4.906280801107769
345.	5.061483222737283
345.2	4.910582946265039
345.4	5.049968003946528
345.6	5.0616046037788145
345.8	4.9819879504860785
346.	4.969603131955566
346.2	5.019304703744359
346.4	5.030734173344217
346.6	4.98968953005372
346.8	4.938850832055681
347.	4.981544567154445
347.2	4.946549117700575
347.4	4.974307052889751
347.6	4.99256083525472
347.8	5.035722379761888
348.	5.014303039248006
348.2	4.909386676306751
348.4	5.141022235978614
348.6	5.060594320824165
348.8	5.1084387961114865
349.	4.870181502233599
349.2	4.998448028556414
349.4	5.109629035335515
349.6	5.054805206016441
349.8	5.0075028338413965
350.	4.989413601714742
350.2	4.9099792596293135
350.4	4.899719425169079
350.6	5.004429253498233
350.8	4.875547214086931
351.	5.077922503588095
351.2	4.977696638603872
351.4	4.892921977838596
351.6	4.998286986172118
351.8	4.78609872843613
352.	4.940856601703242
352.2	4.95084877369557
352.4	5.102227947973708
352.6	5.024908094684715
352.8	4.979670189462597
353.	5.053640456406731
353.2	5.062940475103579
353.4	5.005666580398241
353.6	4.937923491088544
353.8	5.04643546833109
354.	4.996489841806879
354.2	4.955287128675305
354.4	5.083811002427432
354.6	5.148477937533917
354.8	5.137498911252539
355.	5.12679448745727
355.2	4.887652695070413
355.4	5.169480474803548
355.6	4.962819992690708
355.8	4.92772291725267
356.	5.011841836709256
356.2	5.0816742685375305
356.4	4.981970371802012
356.6	4.949006263553023
356.8	4.910775038399366
357.	4.924053461693644
357.2	4.948482404454945
357.4	4.898618315733951
357.6	4.953056573381284
357.8	4.901810932423911
358.	5.0614005534708575
358.2	5.218777859909817
358.4	5.049163995814233
358.6	5.024127594607319
358.8	4.932197206794293
359.	4.858559752324321
359.2	5.060528692601815
359.4	5.0852885775984
359.6	4.881329552916885
359.8	4.876707071942257
360.	5.1219546039841894
360.2	5.065587145389428
360.4	5.075720194761117
360.6	5.050553158429797
360.8	5.110160210055205
361.	5.062116549753381
361.2	5.0140784629918
361.4	4.929761026811154
361.6	5.054418358049159
361.8	4.90826727426063
362.	4.9553510022224065
362.2	4.9615537765260775
362.4	4.882471768218194
362.6	4.938779524016081
362.8	4.982620843474604
363.	4.938212113959095
363.2	4.9275863780281925
363.4	4.995770014130403
363.6	4.998277890909066
363.8	5.098134770266965
364.	5.0399113168044
364.2	4.983364847290516
364.4	4.894792541690132
364.6	5.153982621114849
364.8	5.142404979006185
365.	4.961759292716829
365.2	4.833953842201045
365.4	5.1111819402473735
365.6	5.100822826552846
365.8	4.901191488786839
366.	4.995074191197236
366.2	5.003141922911026
366.4	4.90417304483155
366.6	4.894402558970412
366.8	5.0182415297157625
367.	4.869018895363672
367.2	4.994155865329914
367.4	5.060333586682454
367.6	5.014243833008284
367.8	4.967203760736936
368.	5.029436838048888
368.2	5.098256694422862
368.4	5.136427274399444
368.6	4.9964831317632665
368.8	4.97191343380702
369.	5.01602857679799
369.2	4.983763179137297
369.4	4.978333108522698
369.6	5.143789720153932
369.8	4.935714544791124
370.	5.024683219229265
370.2	4.96638790093553
370.4	4.878905894617903
370.6	4.977434985791094
370.8	4.832538872240502
371.	4.959914858924644
371.2	5.1680109563101135
371.4	4.947945584327829
371.6	4.937245344370806
371.8	4.906032461977653
372.	4.987512806618477
372.2	5.069696458962068
372.4	4.8894618409314905
372.6	4.991298335578732
372.8	5.139991629101874
373.	4.9582913792062975