273.	10.09102136838935
273.2	9.919497386038977
273.4	10.084361404531606
273.6	9.95247123639503
273.8	9.967493457866308
274.	10.075431915925526
274.2	10.069835587656492
274.4	10.130411618247988
274.6	10.093870572333524
274.8	10.009609842655774
275.	10.062353615548917
275.2	10.041043042989045
275.4	10.102733627187417
275.6	9.866493468405553
275.8	10.030896271636179
276.	9.973539777470105
276.2	9.958753769047073
276.4	10.030129134919104
276.6	9.890610563613599
276.8	9.997208042453096
277.	9.984811589421014
277.2	9.95912260462099
277.4	9.918893763187764
277.6	9.936728181000582
277.8	9.966187271253649
278.	9.945882398019965
278.2	9.98314762827105
278.4	9.937480377124004
278.6	10.101572203598481
278.8	10.018709070177955
279.	9.776876944528349
279.2	10.055797604620754
279.4	10.147096270489579
279.6	9.955736885623274
279.8	10.00517800284761
280.	10.077701803194982
280.2	9.974991188810469
280.4	9.907919878827709
280.6	10.034175395608525
280.8	10.030236318278552
281.	10.08119027252182
281.2	10.299095998060109
281.4	9.935785484086422
281.6	10.12021891272873
281.8	10.004046060060142
282.	9.924410504916088
282.2	9.93290481313247
282.4	9.981873731073778
282.6	10.033565720427095
282.8	10.05189477926597
283.	10.017449318538088
283.2	10.05556560810685
283.4	10.004512320450107
283.6	10.02302384536062
283.8	10.022101260293384
284.	10.037992810819997
284.2	9.934121812750663
284.4	9.966214885478722
284.6	10.032910747719207
284.8	10.03215985482184
285.	10.026887227928727
285.2	10.127206640909606
285.4	10.14321082291657
285.6	10.060668649939016
285.8	9.941675279516264
286.	9.976722845170755
286.2	9.997383153184163
286.4	9.894410181555719
286.6	10.10872244096801
286.8	10.06592449745365
287.	10.100384776283247
287.2	10.024094472662885
287.4	10.088282242867201
287.6	10.063469331945477
287.8	10.089000883427406
288.	10.044028551036945
288.2	9.957598845483663
288.4	9.933505483517402
288.6	9.961774152127903
288.8	10.033429306968355
289.	9.984773081158082
289.2	10.162138112117383
289.4	9.94259671203556
289.6	10.066049526670414
289.8	9.94245057181965
290.	9.954325899557613
290.2	9.943493398168643
290.4	9.948548498237077
290.6	10.028093868355741
290.8	10.153886274804746
291.	9.914974783345086
291.2	10.037403322558603
291.4	10.057370366824792
291.6	10.003952300357168
291.8	10.021335097356927
292.	10.011234833287494
292.2	9.9859836421678
292.4	10.013306924333559
292.6	10.08951420840765
292.8	9.935327193772029
293.	9.989125391913982
293.2	9.914346002224637
293.4	9.99099530079706
293.6	9.909432386957349
293.8	9.930661324502669
294.	10.070533664796315
294.2	10.05467229997227
294.4	10.076940031778765
294.6	9.932266813161569
294.8	10.038708156792726
295.	9.968247543235268
295.2	9.989255938748535
295.4	10.101456232402612
295.6	10.068675718552909
295.8	9.989258281844803
296.	10.0446043488237
296.2	9.971000353816212
296.4	9.99492729895482
296.6	10.040799197342231
296.8	10.013710232751148
297.	9.957323232017776
297.2	9.922598972987497
297.4	10.037361500599754
297.6	10.09533558266784
297.8	10.078944901180218
298.	10.089082110083734
298.2	10.019635728132625
298.4	10.068994301765624
298.6	10.024656810784595
298.8	9.99432412324209
299.	9.95121514389424
299.2	9.941950825493127
299.4	10.026850432798073
299.6	10.099704011146319
299.8	10.076976357038445
300.	10.043748634946473
300.2	9.99006324198777
300.4	10.044490616442546
300.6	10.006756751872967
300.8	10.146327504756712
301.	9.963455812797813
301.2	10.061543753430842
301.4	10.082392338483933
301.6	9.964222058225197
301.8	10.064586646589856
302.	9.857033856137651
302.2	9.981691653117936
302.4	9.870195311698955
302.6	9.99397439426594
302.8	9.939080029873155
303.	10.105012954046696
303.2	9.991008596086335
303.4	10.022002626950842
303.6	9.868148752920225
303.8	10.17059096518068
304.	10.03221822155844
304.2	10.017049168879073
304.4	9.996312457847976
304.6	9.793615199165785
304.8	9.984025871702556
305.	10.148157276906955
305.2	10.004880728357419
305.4	10.19880543991052
305.6	9.955454171282305
305.8	10.019950737247976
306.	10.027225540557865
306.2	10.00967761044014
306.4	10.07600763215349
306.6	10.039244570051554
306.8	9.979027949330975
307.	9.960536545190681
307.2	10.105179347591696
307.4	9.942227985131213
307.6	10.074353763410745
307.8	9.941149881624222
308.	9.943066314926606
308.2	9.968096060277201
308.4	9.987924915765605
308.6	10.097024716971074
308.8	10.016120244849356
309.	10.123141192033241
309.2	10.017379158079033
309.4	9.895939624673673
309.6	10.03601005580878
309.8	10.072845021296782
310.	9.943741755312141
310.2	9.966464870021847
310.4	10.023322323398386
310.6	10.204574453982083
310.8	10.202616554431481
311.	10.013971438956007
311.2	9.99514679637549
311.4	10.016979048365164
311.6	10.087974575538666
311.8	9.932047065211684
312.	10.058882443420673
312.2	9.94700284479206
312.4	9.935454756810723
312.6	10.048448622797936
312.8	10.0895541063542
313.	10.04628744840796
313.2	10.04037135999153
313.4	10.04377110593432
313.6	9.949939849632255
313.8	9.994077909109953
314.	9.91777123215674
314.2	10.03874783474709
314.4	9.946970068111215
314.6	9.79607341886827
314.8	10.039533859584791
315.	9.866056977837943
315.2	10.110982286080198
315.4	9.924479928746464
315.6	10.02646910697534
315.8	9.919228475865825
316.	9.889489260909427
316.2	9.912590097323765
316.4	9.962267712189526
316.6	9.921503343780815
316.8	9.94907758708127
317.	9.974448262901175
317.2	10.024344193363179
317.4	9.87727236003013
317.6	10.050744454144658
317.8	9.836369383184715
318.	9.893313188954428
318.2	9.983945099662948
318.4	9.91641246466018
318.6	9.836635278389604
318.8	9.95667884813371
319.	9.818237870180726
319.2	9.90139205292834
319.4	9.757496049585813
319.6	9.774145927983147
319.8	9.855204343689142
320.	9.705791736373193
320.2	9.625118284326573
320.4	9.552034589014326
320.6	9.60040049219665
320.8	9.516263982368852
321.	9.346306316424563
321.2	9.396412274576727
321.4	9.39482816698627
321.6	9.256943860395605
321.8	9.3540409852456
322.	9.208154842526538
322.2	9.253511949335524
322.4	9.063840446146672
322.6	8.862639634822436
322.8	8.766045322268322
323.	8.659459748324293
323.2	8.736685366336546
323.4	8.733172900653628
323.6	8.42282170039761
323.8	8.321261084414981
324.	8.26016366098094
324.2	8.111706388949939
324.4	8.071322794082242
324.6	7.8711188955159805
324.8	7.811438151319066
325.	7.626898914423452
325.2	7.338026346923663
325.4	7.320843132360029
325.6	7.194843439657408
325.8	7.1040969042819775
326.	6.948041979779011
326.2	6.873929518074639
326.4	6.662810374879272
326.6	6.546620430565748
326.8	6.356168867759079
327.	6.321171736809274
327.2	6.207120660798794
327.4	6.155691492424048
327.6	6.188413053134381
327.8	5.959527378592882
328.	5.937078136465106
328.2	5.88578258210273
328.4	5.823303648878929
328.6	5.747623361470761
328.8	5.650752212907
329.	5.514867746188568
329.2	5.54581394917507
329.4	5.539046669961529
329.6	5.478940192884314
329.8	5.368565585796611
330.	5.362448064501841
330.2	5.357636376120961
330.4	5.349524079094255
330.6	5.341627650719447
330.8	5.319119979298504
331.	5.306303216484122
331.2	5.332805369061236
331.4	5.124840481234791
331.6	5.238318591201671
331.8	5.21728626827047
332.	5.24904978561118
332.2	5.064688483350621
332.4	5.07423922407357
332.6	4.930719634396028
332.8	5.051411685782039
333.	5.071535375302981
333.2	5.025712347794777
333.4	5.0411980563210195
333.6	4.973023812254563
333.8	5.110948278699125
334.	4.954326503445577
334.2	5.130306538421096
334.4	4.991495781237603
334.6	5.036170521752365
334.8	5.083592873484176
335.	5.057004765534298
335.2	5.060641039572745
335.4	4.954928721458061
335.6	5.061685909831561
335.8	5.0333307441555295
336.	4.935531664253529
336.2	5.040239776188062
336.4	5.02792311872811
336.6	5.006976547264954
336.8	4.885058493760326
337.	5.107539637921318
337.2	5.025719006393985
337.4	5.075679915214469
337.6	4.975931757032889
337.8	4.812701045451169
338.	4.991457063809803
338.2	4.986808646699181
338.4	4.896777743007065
338.6	5.074029647222214
338.8	4.889017565901716
339.	5.117617330274064
339.2	5.1517814688785775
339.4	5.060083335407716
339.6	5.040494977340979
339.8	5.01674717611315
340.	4.977168438445436
340.2	5.002170781481744
340.4	5.034149885722092
340.6	5.085293076417526
340.8	4.906388035595488
341.	5.11563141959937
341.2	5.161244834648166
341.4	5.011559940980205
341.6	5.110539544650939
341.8	5.074394399089019
342.	5.127790616653942
342.2	4.92601517869237
342.4	4.880489024283503
342.6	5.0769650208038
342.8	4.969575750061543
343.	5.027823404813867
343.2	4.994788198137657
343.4	4.987599375785494
343.6	4.991755187358284
343.8	4.9872748389575525
344.	5.137851232890664
344.2	5.059168329270452
344.4	5.047553406472348
344.6	5.002175034903695
344.8	4.918810623395483
345.	4.959042988558181
345.2	5.0508585883463875
345.4	4.933318916209079
345.6	4.948812874361061
345.8	5.002703734396899
346.	4.896575677238137
346.2	5.162328887682921
346.4	4.974736419182232
346.6	5.0163216770933845
346.8	5.035615022515854
347.	5.065803563209564
347.2	4.98743754723055
347.4	4.925525940982617
347.6	4.937151476407068
347.8	5.032710837714556
348.	5.061040767125195
348.2	4.919995482457078
348.4	4.922445514250861
348.6	4.924385114575691
348.8	4.933504376506247
349.	5.028361485759283
349.2	5.037917465757004
349.4	5.096891318935228
349.6	4.9465782607518385
349.8	4.958474234502513
350.	5.054059075242718
350.2	4.962250940664241
350.4	5.028108022086747
350.6	5.030174087998496
350.8	5.007349743175382
351.	4.893742843328105
351.2	5.129874695076013
351.4	4.972418670981615
351.6	5.016663779659408
351.8	5.048921496270716
352.	5.0073317075795885
352.2	4.960835416447665
352.4	4.842130364114484
352.6	4.947688433036104
352.8	4.855037684961297
353.	4.908382433696808
353.2	4.988486914961765
353.4	5.177166694465091
353.6	4.9474716754189805
353.8	4.9384230597068255
354.	4.894554237310885
354.2	4.941934735000388
354.4	4.951971685729397
354.6	5.001621312325357
354.8	5.0748937603843745
355.	4.930421282105013
355.2	4.902293637650581
355.4	5.12079838633096
355.6	5.0310724664222315
355.8	5.113761085131622
356.	5.112345685814463
356.2	4.929625853872579
356.4	5.0173041221801515
356.6	5.034073110749302
356.8	5.097602366488008
357.	5.029164179637194
357.2	5.060166005656904
357.4	4.871779021847399
357.6	4.98585025565528
357.8	4.846217446208405
358.	5.037015772284946
358.2	4.945884058453294
358.4	4.905095541804345
358.6	5.037082227334617
358.8	5.031124257232344
359.	5.0495943113462705
359.2	4.945780451838653
359.4	4.9936871637397715
359.6	4.819397326516295
359.8	5.0355350438182995
360.	5.124007976225601
360.2	5.0283475908113475
360.4	5.0485162077773085
360.6	4.840958761670939
360.8	4.902109626615669
361.	4.980394579462358
361.2	4.979395101940102
361.4	5.072648726919469
361.6	5.111932935623273
361.8	5.032374299608567
362.	4.875474716020335
362.2	5.069985111518628
362.4	4.902023847616971
362.6	5.066742450981135
362.8	4.897804626162714
363.	4.924531965077929
363.2	5.025301755654657
363.4	5.08940404537923
363.6	4.836789783413146
363.8	5.133042020907768
364.	4.943814686769729
364.2	5.124861360508205
364.4	5.082499977352156
364.6	5.065444610487743
364.8	4.998304778029951
365.	5.117633251983037
365.2	4.983363971927575
365.4	4.995660913426207
365.6	4.968530156292615
365.8	4.956123650678597
366.	5.012817377897728
366.2	5.01885203399143
366.4	5.06292014287643
366.6	4.991449938413752
366.8	5.056932805297237
367.	5.036892889900865
367.2	4.959228736152449
367.4	4.964238360032544
367.6	5.062407255598373
367.8	5.156838576009374
368.	4.9750910508587465
368.2	4.975721527745056
368.4	5.116747105745105
368.6	4.89848729551796
368.8	4.988104772067502
369.	5.027648725190146
369.2	4.887011789751431
369.4	5.172005599093705
369.6	4.989672203135795
369.8	4.96503907824022
370.	5.000086998342036
370.2	4.991413815389028
370.4	4.857762897034715
370.6	5.152262628124538
370.8	4.988505496546948
371.	4.94132688980783
371.2	5.169336104378505
371.4	4.923370342557577
371.6	4.953885072440982
371.8	4.916825243451898
372.	5.05014927625222
372.2	4.896500969077506
372.4	5.138079624900142
372.6	5.10126072765732
372.8	4.902431847496846
373.	5.110776682135897