273.	10.012701896177367
273.2	10.003600929405021
273.4	10.058577936560136
273.6	9.957087054515883
273.8	9.989818604107336
274.	9.998660690676543
274.2	10.138935635139823
274.4	9.952649535255539
274.6	9.979046453600661
274.8	10.149715784194465
275.	9.973151079408003
275.2	9.850624069230394
275.4	9.846792650251414
275.6	10.002302344996972
275.8	9.965862710137898
276.	9.997933047194856
276.2	9.95492453095579
276.4	9.831700592383015
276.6	9.929642764820887
276.8	10.046414293212065
277.	10.045537061539452
277.2	10.024130955715346
277.4	9.860802291991432
277.6	9.959263410795968
277.8	10.008263431399136
278.	10.094302103600477
278.2	9.921608949695022
278.4	9.969205709539223
278.6	10.07261167198054
278.8	10.042794347471643
279.	9.985721715434739
279.2	10.025342401303211
279.4	9.895502515307948
279.6	10.024995248849988
279.8	10.169607909381913
280.	10.094208885036165
280.2	10.169976373938631
280.4	10.021643134487077
280.6	9.954417539094651
280.8	9.884347922191502
281.	9.86387748442276
281.2	9.99188806837484
281.4	10.126756199999583
281.6	9.996424434145174
281.8	9.95653858048386
282.	9.882954012509906
282.2	9.942132232750264
282.4	9.984286395862476
282.6	9.927553492838435
282.8	10.026872828948472
283.	10.023675758423659
283.2	10.00840669588391
283.4	9.995784691433386
283.6	9.959936752503875
283.8	10.03840449174501
284.	10.002145317846901
284.2	9.972667931504425
284.4	10.00441002704078
284.6	10.090003519536136
284.8	9.948401552083412
285.	9.950697724656681
285.2	10.041476325917364
285.4	10.025289566782307
285.6	9.97288937740232
285.8	9.9327348485101
286.	10.172941058399424
286.2	9.983060211345974
286.4	9.89886960573821
286.6	9.996209947174131
286.8	10.092189540168437
287.	9.989323290254276
287.2	9.932086287133231
287.4	10.075647735879858
287.6	9.87431717964449
287.8	10.160283019718282
288.	10.153887703494092
288.2	9.899100418659714
288.4	10.140890622368598
288.6	10.032012280303228
288.8	9.847630478190586
289.	9.876386838119036
289.2	9.9327515370179
289.4	10.087705349954492
289.6	10.245123751278486
289.8	10.059580057519447
290.	9.982291025663262
290.2	10.033816398886874
290.4	9.967932402662415
290.6	10.00135890143268
290.8	9.934677224121899
291.	10.214863720410134
291.2	10.049128077799951
291.4	9.947125042467064
291.6	9.974827280555758
291.8	9.977128664840786
292.	9.976514513428807
292.2	10.002509367643283
292.4	10.031476330241736
292.6	10.008963282537998
292.8	9.877966950719594
293.	9.961545596615913
293.2	10.042477693637297
293.4	9.941891660995989
293.6	9.97885345745581
293.8	10.045840599928153
294.	10.017550496216215
294.2	9.94832343887032
294.4	9.87740308898408
294.6	9.935989387639722
294.8	9.915124452337947
295.	9.959814643767366
295.2	10.187233858778546
295.4	10.178612796597173
295.6	10.048954549599214
295.8	9.942220546435776
296.	9.939892489593618
296.2	9.971500007594882
296.4	9.946023101370844
296.6	10.128315729364159
296.8	10.064578969177969
297.	9.930376045660426
297.2	9.983541643382084
297.4	10.00256493662564
297.6	10.005620625370165
297.8	10.00908105447044
298.	9.963517001734068
298.2	9.894920933261675
298.4	10.114012150441816
298.6	10.053594324987674
298.8	9.958112234014694
299.	10.075627392198383
299.2	9.946540606511197
299.4	9.987196199550876
299.6	10.130474441292877
299.8	10.036691519476225
300.	10.041634136623877
300.2	10.095772431988372
300.4	9.957731657533328
300.6	9.996793336229812
300.8	9.956305543241111
301.	9.857494523776023
301.2	9.967933382119732
301.4	9.92274546436082
301.6	10.043621919556905
301.8	10.013724660890619
302.	10.033835239535948
302.2	10.017105541423282
302.4	10.007954213742307
302.6	9.982083032984086
302.8	9.838553652555065
303.	10.139465619108282
303.2	10.09360755932486
303.4	9.945429068958573
303.6	9.966634060592035
303.8	10.029076189743606
304.	9.902211122660507
304.2	10.069621696093826
304.4	10.059109357583312
304.6	10.031963547424242
304.8	10.072231256279476
305.	9.958868848124943
305.2	9.918677070350068
305.4	9.936744245058888
305.6	9.961339218874778
305.8	10.003634655108897
306.	10.191131146692644
306.2	9.82895601302333
306.4	10.00940081778561
306.6	9.89873689440443
306.8	9.951821094537053
307.	9.987774377451887
307.2	9.865198186447891
307.4	10.01538032432503
307.6	10.148049331194636
307.8	10.007001191309628
308.	9.941290367691717
308.2	10.097746820480634
308.4	10.0822435361026
308.6	9.898552500187806
308.8	9.911371776119035
309.	10.17530362647606
309.2	9.975238288949779
309.4	10.063645794814432
309.6	10.039020106799597
309.8	10.07410805878817
310.	9.936465057252079
310.2	10.031111957752232
310.4	10.142534536632377
310.6	10.06302109334725
310.8	10.124386930781736
311.	9.998655896018445
311.2	9.95841769042538
311.4	10.047164084497334
311.6	10.043907425544864
311.8	9.973737485431672
312.	9.981818169416874
312.2	10.0073782724176
312.4	9.985063868817404
312.6	9.857530079985423
312.8	9.9981504567922
313.	9.840547475475878
313.2	9.914250191725088
313.4	9.923147079643746
313.6	10.0584598540864
313.8	10.003327441806986
314.	10.124143319516145
314.2	10.099414906438001
314.4	9.864577028907183
314.6	9.976612807124496
314.8	10.027129229315054
315.	9.958775404632751
315.2	10.122567049617802
315.4	9.951456453071831
315.6	9.925027034201783
315.8	9.897872303998373
316.	9.911969749311947
316.2	10.050833621095526
316.4	9.81338447597794
316.6	10.057999263343437
316.8	9.991752563795854
317.	9.86132996701952
317.2	10.098088094848212
317.4	9.97176444322303
317.6	10.129015453325557
317.8	9.830160175685275
318.	9.797111162762258
318.2	10.018488009473542
318.4	10.045245222253792
318.6	9.948641048314643
318.8	9.879222946589426
319.	9.902082466570628
319.2	9.972365276934449
319.4	9.72225489094055
319.6	9.817735926548552
319.8	9.778768486087337
320.	9.78419222807335
320.2	9.740615214575131
320.4	9.630772916533521
320.6	9.648387760444674
320.8	9.584548934643333
321.	9.576617487033484
321.2	9.481664150150062
321.4	9.575767197243074
321.6	9.396167872803412
321.8	9.09769726292554
322.	9.325606623057272
322.2	9.24721358298485
322.4	9.18970081924178
322.6	9.008685984268132
322.8	8.951119525873231
323.	8.866329314326698
323.2	8.910854935051109
323.4	8.866164088334399
323.6	8.476046199772764
323.8	8.465278251700575
324.	8.220316105425079
324.2	8.12864787614811
324.4	8.103965281259882
324.6	7.744257003399333
324.8	7.771283259867347
325.	7.704087586152827
325.2	7.449704004948389
325.4	7.264047534679188
325.6	7.181089050933225
325.8	6.971171848558099
326.	6.82825027580655
326.2	6.767865245616495
326.4	6.588872129555528
326.6	6.496758304592263
326.8	6.413439283304263
327.	6.317656581671063
327.2	6.174968998198954
327.4	6.164186195835925
327.6	6.053846841730047
327.8	5.925529784112907
328.	5.839481794134117
328.2	5.6542599137820435
328.4	5.733931468824056
328.6	5.662023885719837
328.8	5.626935689392918
329.	5.4561289082461615
329.2	5.378709746571296
329.4	5.294697144254278
329.6	5.35404629192496
329.8	5.361102593867512
330.	5.30479572346803
330.2	5.248087851873557
330.4	5.217416834959203
330.6	5.309067096899217
330.8	5.160963947256726
331.	5.1990690851612715
331.2	4.99681930944539
331.4	5.102187216783919
331.6	5.184257646901312
331.8	5.290268313856349
332.	4.948765318899339
332.2	5.095108861318038
332.4	5.019101629355306
332.6	5.016922697014303
332.8	5.150985328745584
333.	5.034360767104693
333.2	5.03427280441196
333.4	5.04329048903014
333.6	5.08499284868675
333.8	5.039798610663482
334.	5.081419279607195
334.2	5.015307551038257
334.4	4.9017746647274985
334.6	4.9344517788657924
334.8	5.015029259394942
335.	5.075859118691824
335.2	4.943637803395243
335.4	5.09884047604288
335.6	5.064498671699756
335.8	4.970151622749563
336.	5.019712076577808
336.2	5.136835838864095
336.4	4.931436416268619
336.6	5.00118593533318
336.8	5.104965584947455
337.	5.0160922964041
337.2	4.967973225658382
337.4	5.035965727334656
337.6	4.9926783089512226
337.8	5.042796040394418
338.	4.9202973913204495
338.2	5.04594787272982
338.4	4.9623452176006735
338.6	5.035494229208086
338.8	5.139810237526185
339.	5.035407333095722
339.2	5.0508609986228645
339.4	5.021564096084349
339.6	4.848332694635754
339.8	5.194219349255041
340.	5.072098458131059
340.2	5.015097016362838
340.4	5.01403552456578
340.6	5.070193262283349
340.8	5.024816381672937
341.	5.086593911382112
341.2	5.058036990661459
341.4	5.100587011973028
341.6	5.202910513005535
341.8	5.03265772972758
342.	4.964172020218314
342.2	4.968626837079304
342.4	4.980445934388505
342.6	4.854946243032337
342.8	4.86016272933055
343.	4.9311699240910345
343.2	4.897903109234573
343.4	4.872151946638155
343.6	4.954277796112319
343.8	4.969837510112737
344.	4.929334318266247
344.2	5.032455826238832
344.4	5.060770958286012
344.6	5.161196765451254
344.8	4.953740482212569
345.	4.971416395504357
345.2	5.0772581513549255
345.4	5.008321962329051
345.6	4.9209775140116685
345.8	4.953593417758845
346.	4.982340030175937
346.2	5.119353207035438
346.4	5.113042740078446
346.6	4.976185255234135
346.8	5.079538699359707
347.	5.020625455443643
347.2	4.9514505951429
347.4	4.949889247361388
347.6	4.885521591148031
347.8	4.951482575540414
348.	5.001988802074876
348.2	4.923278341383048
348.4	4.839658350066506
348.6	4.869850944675154
348.8	4.962366566468518
349.	5.0241253656734015
349.2	4.875679358530109
349.4	5.032534125108149
349.6	5.076797984640614
349.8	4.856375219922166
350.	4.96977596427349
350.2	5.059534466029876
350.4	5.103806443261313
350.6	4.867652845456625
350.8	4.873086329937392
351.	5.015064855526411
351.2	5.100936741668178
351.4	5.007011074957012
351.6	4.868287294824375
351.8	5.007005031205116
352.	4.980247148750135
352.2	4.9418578149906365
352.4	4.902385344250168
352.6	5.004864629907718
352.8	4.9875882812053804
353.	5.008675656467066
353.2	5.046489602672202
353.4	5.030192543694599
353.6	5.046087639768785
353.8	5.190168866250837
354.	5.037923124954748
354.2	4.985520478590313
354.4	4.907217237941809
354.6	5.133191202802922
354.8	5.138427560325338
355.	4.973758918916656
355.2	4.962813831386811
355.4	5.16934990128422
355.6	5.05434695292322
355.8	5.049785821638829
356.	5.146095999939485
356.2	5.068282874565752
356.4	5.1071024846719375
356.6	5.119937320830154
356.8	4.9598862010988345
357.	5.039768187789103
357.2	5.010120222686323
357.4	5.054656914650888
357.6	4.859884971603598
357.8	5.009812147548474
358.	4.9743488431731375
358.2	5.066969238586203
358.4	4.94941612341508
358.6	5.21456506178702
358.8	5.0398427412547635
359.	5.107542297974545
359.2	4.807623271606188
359.4	4.969229396923869
359.6	4.991291264270448
359.8	5.021896008128699
360.	4.997222254350118
360.2	5.04225506524222
360.4	5.057207516373873
360.6	5.019457404785057
360.8	4.871546423501071
361.	5.025856283657792
361.2	4.933391290179782
361.4	4.862668347434712
361.6	5.074439705195347
361.8	4.98189802256122
362.	5.01584725424853
362.2	5.006920272344769
362.4	5.099819006661738
362.6	4.917253818042984
362.8	5.073866507812806
363.	4.827744486113801
363.2	4.917733119214152
363.4	5.009310845353773
363.6	5.0439286943657375
363.8	5.01538397090595
364.	5.108596341258462
364.2	5.0127310625637715
364.4	5.082653943807566
364.6	4.896139820022564
364.8	5.20597086283125
365.	4.982022548146827
365.2	5.109033624917833
365.4	4.996045152238121
365.6	4.965014292680609
365.8	5.03974466964943
366.	4.80735838576223
366.2	4.98531822112674
366.4	4.9390128520365195
366.6	5.13065049779828
366.8	4.893487022435311
367.	5.001751409685797
367.2	4.906755066901756
367.4	5.118920342553181
367.6	4.980351630055483
367.8	5.069920937455461
368.	5.1894782804193
368.2	5.0228485361654505
368.4	4.983158916544825
368.6	4.901618422345538
368.8	5.122623254943826
369.	4.9178036298820675
369.2	4.966533270259755
369.4	4.911555372180636
369.6	5.054886018567965
369.8	4.872221902246695
370.	5.011127412067288
370.2	4.978689978727152
370.4	5.048084893622849
370.6	5.053538687962132
370.8	4.9435462010101405
371.	4.996287823570373
371.2	4.904382618467652
371.4	5.073588455820034
371.6	5.084102722490257
371.8	4.92776468576881
372.	5.0170868338527335
372.2	5.022837193519687
372.4	5.118496686533878
372.6	5.003985998923634
372.8	5.023796400237111
373.	4.930503489150334