273.	4.898336037081121
273.2	5.113552285440023
273.4	4.9256787507067745
273.6	5.013540772275318
273.8	5.0150819819011465
274.	4.95844708608498
274.2	4.920720403772928
274.4	5.031302841042726
274.6	4.9114102418947825
274.8	5.06390360530429
275.	4.87299111678056
275.2	5.005551542140068
275.4	5.12650262075519
275.6	5.0275016413812414
275.8	4.920573389963184
276.	4.966982981300192
276.2	4.899772088954862
276.4	5.001005726975862
276.6	5.047723230048726
276.8	4.818692661954679
277.	4.946171391859033
277.2	4.888143695643249
277.4	5.092292172617376
277.6	4.964937801449393
277.8	5.116253260983535
278.	5.057563682855254
278.2	4.983065196566884
278.4	4.993143101908186
278.6	5.064530103135733
278.8	5.073688476760148
279.	5.0569022992494865
279.2	4.919825385918667
279.4	4.978631727603836
279.6	5.1153512675760355
279.8	5.039288416138113
280.	4.971199911083592
280.2	5.033391584278983
280.4	4.869870664149661
280.6	5.0733251986934675
280.8	5.0087320713814485
281.	5.033270060954893
281.2	5.009965455164638
281.4	5.0962213582419285
281.6	4.936800830569083
281.8	5.07784727041069
282.	4.818722763177416
282.2	4.971735472977337
282.4	5.058201532836703
282.6	4.879355756000022
282.8	4.983802003441622
283.	4.976268120574434
283.2	4.893931471519105
283.4	4.808299354970474
283.6	5.008389185214719
283.8	4.936711432507808
284.	4.880726395099301
284.2	4.939640812966466
284.4	5.136953110459117
284.6	5.0476977932666385
284.8	5.051774550478603
285.	4.9083367682699235
285.2	5.107685440500405
285.4	5.051108841877164
285.6	4.974336928979381
285.8	5.004794229241754
286.	4.8890611769898635
286.2	4.997480740448746
286.4	5.132227554235755
286.6	5.09109433861905
286.8	5.0366054865431416
287.	5.055589236356182
287.2	5.057966134928662
287.4	4.901623923659246
287.6	5.090943845999896
287.8	5.0356974180963165
288.	4.97688393619185
288.2	4.964760770910923
288.4	5.080287273961761
288.6	5.093852115402839
288.8	5.117064378085435
289.	4.991770885546322
289.2	5.0553147391444995
289.4	4.8543653579788355
289.6	5.046442682424944
289.8	5.186819322542817
290.	5.09667904710961
290.2	5.061974455699831
290.4	5.024827990605261
290.6	4.933163653188451
290.8	5.11701125439884
291.	4.988293561640216
291.2	5.026837120065963
291.4	5.014605213756219
291.6	5.010311374193283
291.8	4.969512327355202
292.	4.971952447611543
292.2	4.956609567254141
292.4	4.890399513910986
292.6	4.927033559311502
292.8	5.017917849856848
293.	5.0226824369954155
293.2	5.072775097647151
293.4	5.015132384050516
293.6	5.09719227449091
293.8	5.007195043965234
294.	5.0742071592309275
294.2	4.926173027100617
294.4	4.903078436840567
294.6	5.033582070204029
294.8	5.1145374338966105
295.	5.01631498438419
295.2	5.063160167945165
295.4	5.108386494666907
295.6	4.998230192225255
295.8	5.1145390199273
296.	4.982017521028634
296.2	5.098405587699812
296.4	5.050197191020608
296.6	5.010639669804324
296.8	4.901276830672246
297.	5.220818039698501
297.2	4.958973007259337
297.4	5.093322261098025
297.6	4.919929993005697
297.8	5.050965764209451
298.	4.915883591934739
298.2	5.087885972789236
298.4	5.093534302486314
298.6	5.088253069497819
298.8	5.056704955331231
299.	5.0587315378813
299.2	4.9607449006076
299.4	5.057431370837792
299.6	4.924094208863422
299.8	5.005235021317037
300.	5.190725315832173
300.2	4.983600996910744
300.4	4.968891924391925
300.6	4.918120047859612
300.8	4.902382637997389
301.	4.943723159875024
301.2	4.950726790168658
301.4	4.955643646092675
301.6	4.9271945119657214
301.8	4.817256234113229
302.	4.985560011347691
302.2	4.9811445655616104
302.4	4.987993392156273
302.6	5.091068787422568
302.8	5.058204037557482
303.	4.971436453876243
303.2	4.884868280537991
303.4	5.068977065363165
303.6	5.044447575394252
303.8	4.997287913747786
304.	4.929261799412352
304.2	4.998637374367685
304.4	5.0977956387288295
304.6	4.841660831408009
304.8	5.082202076262023
305.	4.928987436834588
305.2	5.061370016247783
305.4	5.073463375362644
305.6	4.905790644053831
305.8	5.0629347459369685
306.	4.968583141312993
306.2	5.066274914986934
306.4	5.155422638334449
306.6	5.078798360249453
306.8	4.98521826236774
307.	4.975014123666478
307.2	5.056566715072324
307.4	5.055856811809456
307.6	5.051166884833942
307.8	5.055579761552596
308.	4.962461143347111
308.2	5.130559127173892
308.4	5.112701925223564
308.6	5.094623097984874
308.8	5.120847142458994
309.	5.1168361706981464
309.2	4.990033440620476
309.4	5.09850693393899
309.6	5.028223548019842
309.8	5.083740069891372
310.	5.024321384000622
310.2	5.152209436701256
310.4	5.062469126069715
310.6	5.13722036385467
310.8	5.016154430836215
311.	5.161463833545336
311.2	5.124053908913589
311.4	5.2253067125370976
311.6	5.302890132085214
311.8	5.132698831490626
312.	5.110142422035311
312.2	5.1865857245684674
312.4	5.2180907793117655
312.6	5.316051676008395
312.8	5.24469229621662
313.	5.517484801927468
313.2	5.532085029214897
313.4	5.409128099782476
313.6	5.420768990791376
313.8	5.4391374282146705
314.	5.552321047211531
314.2	5.55834352158621
314.4	5.644632883020604
314.6	5.8253721482952425
314.8	5.748684966339433
315.	5.927795175071734
315.2	5.901566400298626
315.4	6.100244985047594
315.6	6.042281257027282
315.8	6.212900455091196
316.	6.232666638248671
316.2	6.329411384041113
316.4	6.531636060562236
316.6	6.578414562369085
316.8	6.604975671965251
317.	6.804090569510483
317.2	6.958724093244063
317.4	7.002088176162668
317.6	7.062230123926334
317.8	7.110151562441232
318.	7.37271499101384
318.2	7.569904964967324
318.4	7.58491774969088
318.6	7.727893619195907
318.8	7.915081274893337
319.	7.953363844374691
319.2	8.117551003300765
319.4	8.326712716234978
319.6	8.273341973867687
319.8	8.48154138564491
320.	8.641388024022634
320.2	8.635040990881746
320.4	8.73351572969584
320.6	8.822972258511658
320.8	8.981466640117251
321.	8.982362310484344
321.2	9.116676479818906
321.4	9.081860886654093
321.6	9.244483570871793
321.8	9.299317132731442
322.	9.252699460406872
322.2	9.370978838443548
322.4	9.364018232548325
322.6	9.500781475215915
322.8	9.619934376403895
323.	9.532859634727707
323.2	9.617431759505102
323.4	9.800916480116149
323.6	9.698957818076627
323.8	9.679358452713418
324.	9.61790291731163
324.2	9.609351550509079
324.4	9.839805506187759
324.6	9.937421399918712
324.8	9.750921201888737
325.	9.951836388266699
325.2	9.84719688971854
325.4	9.771201785303877
325.6	10.06578029908519
325.8	9.771360020635564
326.	9.974709571243306
326.2	9.966418980192543
326.4	9.744138935141807
326.6	9.807195996637605
326.8	9.828229532267398
327.	9.790584943612217
327.2	9.96463319117238
327.4	9.930381812047914
327.6	10.067720725837965
327.8	10.040023615483152
328.	10.084373568365026
328.2	9.790428808866075
328.4	10.085017766676314
328.6	9.896623919803362
328.8	9.956747210347404
329.	10.07115599283806
329.2	10.052740384328565
329.4	9.900831442868272
329.6	10.055822643150627
329.8	9.909022857215673
330.	10.13345831706683
330.2	9.925127409939655
330.4	10.033933187715098
330.6	10.06609915094459
330.8	9.996330705973449
331.	9.980823489900121
331.2	10.035529408144688
331.4	9.979660115048073
331.6	10.13259343075598
331.8	9.932255414178208
332.	10.016012441128677
332.2	9.977678976780822
332.4	9.980147881875483
332.6	10.026871103148032
332.8	9.832341786898176
333.	10.105482091304104
333.2	9.913025128179745
333.4	9.86346585241162
333.6	9.920815672883782
333.8	10.010532637847378
334.	9.899582306693503
334.2	9.967760947744127
334.4	9.982211439563454
334.6	9.93180224644156
334.8	10.047845049753295
335.	9.906191102519896
335.2	9.953969481599167
335.4	9.88207224718987
335.6	10.100010916597634
335.8	10.210444311832543
336.	9.94621125917231
336.2	10.050384075437737
336.4	10.111922406813731
336.6	10.015165218149626
336.8	9.997866364369965
337.	10.087001248163002
337.2	10.00075025625323
337.4	9.95367021958333
337.6	10.088190459950065
337.8	10.039489854761516
338.	10.028376220896858
338.2	10.000610816495321
338.4	9.987190064836323
338.6	10.009936344282613
338.8	9.956654755684097
339.	9.959772997710061
339.2	10.04955069184121
339.4	10.079128596917297
339.6	10.02110832164556
339.8	9.890124358078053
340.	10.062260600553936
340.2	9.960189657971728
340.4	10.092507768047524
340.6	10.074898654911227
340.8	10.104522336512055
341.	10.111481924350478
341.2	9.926906377024624
341.4	9.999402173476257
341.6	9.956297654183883
341.8	9.965470629249365
342.	9.993519211124115
342.2	10.083801668932646
342.4	9.919182613218624
342.6	9.95414788240023
342.8	9.859883128826205
343.	9.899347566087329
343.2	9.838555675221246
343.4	9.852588589085315
343.6	10.100361542836518
343.8	9.919312828688936
344.	9.926447097314835
344.2	10.111626046948267
344.4	10.08395738808838
344.6	10.059756944495037
344.8	9.952459094719558
345.	9.960910227564865
345.2	10.092839704915935
345.4	10.099553244226339
345.6	10.016986610565457
345.8	9.912372438231602
346.	10.03340715357668
346.2	10.128942491743166
346.4	9.851575118882323
346.6	10.155172983359828
346.8	9.938297602921399
347.	9.996055656131952
347.2	9.948078860520022
347.4	9.998910912720673
347.6	9.848924404963938
347.8	10.036817446625191
348.	10.011688349634822
348.2	9.944532441828438
348.4	10.0912725667269
348.6	9.948175384353057
348.8	9.88748455102232
349.	10.044926677119616
349.2	10.030599985157904
349.4	10.16037048297889
349.6	9.917407444485276
349.8	10.035867704355768
350.	10.098713202777025
350.2	9.934417356201125
350.4	10.05710755057789
350.6	10.029161294126467
350.8	10.00393823659347
351.	9.959000710330422
351.2	9.979163174151168
351.4	9.816939070946201
351.6	9.932004575234313
351.8	9.993150808096983
352.	10.14046898925947
352.2	9.910085504864831
352.4	10.033222180100116
352.6	10.055745581214637
352.8	10.11184138784514
353.	10.045660761847419
353.2	10.00622760980593
353.4	9.9563215427537
353.6	10.170034948496788
353.8	10.04894013757278
354.	9.899038875996995
354.2	10.011004541992211
354.4	9.924150438310752
354.6	10.019320785500907
354.8	10.023771365369685
355.	10.085603665900775
355.2	10.041118460124276
355.4	10.074319195589634
355.6	9.947195728670058
355.8	9.967183409266708
356.	9.946687737113031
356.2	9.987222634872806
356.4	10.115244982895485
356.6	9.886709844954657
356.8	9.960608252323933
357.	9.942528221949894
357.2	9.910555088007865
357.4	10.04590579021818
357.6	10.023713218365279
357.8	10.16982096369581
358.	9.972693129742463
358.2	9.864381881268283
358.4	9.944548579257944
358.6	9.97887307103231
358.8	9.865565052141667
359.	10.023121329977451
359.2	10.09000360993675
359.4	9.940376430290407
359.6	9.83331115135526
359.8	10.006518208756043
360.	9.911611726897283
360.2	10.032573989004783
360.4	9.901463942294784
360.6	9.887122651677696
360.8	9.979978959566099
361.	9.943843019372137
361.2	10.060605849446972
361.4	9.900122431411498
361.6	10.125363220110703
361.8	10.040942947670331
362.	9.853978256751443
362.2	10.10672233521826
362.4	10.021644827133471
362.6	9.946089609916704
362.8	9.944508533309353
363.	10.013839796816956
363.2	10.098292186847038
363.4	9.970496223038579
363.6	9.973666397789438
363.8	10.126048125186708
364.	9.96292325296627
364.2	10.099045149914044
364.4	10.006621624900728
364.6	10.151023868318045
364.8	9.929255842573959
365.	9.903831214333374
365.2	10.025717505512743
365.4	9.965894852420224
365.6	10.132759970713208
365.8	9.9353958598876
366.	10.001780865766705
366.2	9.916499103174658
366.4	9.922647553274224
366.6	9.833107240953208
366.8	9.958281617374467
367.	9.98162107113511
367.2	10.078488472201105
367.4	10.03156720128191
367.6	9.995844125127748
367.8	10.025661494750961
368.	9.94693805433805
368.2	10.005748691401665
368.4	10.108068799459359
368.6	10.018844683268561
368.8	9.938522612890344
369.	9.975293767922421
369.2	10.072241939680364
369.4	10.052515110610058
369.6	10.05832293247012
369.8	9.991950561914898
370.	10.118371373771943
370.2	10.04250734582811
370.4	9.817335140369233
370.6	9.96596237176838
370.8	9.930393810184619
371.	10.116008552137323
371.2	10.028798111868833
371.4	9.942485901578955
371.6	10.021354910120051
371.8	10.000780378732976
372.	9.949684447286948
372.2	10.077598766144714
372.4	10.037951440143141
372.6	10.041837515637217
372.8	10.042208890651226
373.	9.840054333233399