273.	4.944609945288859
273.2	5.030866116444582
273.4	4.9755361642649545
273.6	4.957745353454991
273.8	4.995855845723111
274.	4.9262373911322115
274.2	5.00981368787374
274.4	4.987505090319917
274.6	4.991814176465641
274.8	4.930862942474373
275.	5.092385667677398
275.2	4.9813181808286
275.4	4.947764397941157
275.6	5.08168596182193
275.8	5.1195090383820645
276.	4.944144734310809
276.2	5.018673744583138
276.4	5.019883152231776
276.6	5.058770592044181
276.8	5.006226285860922
277.	4.864231960724596
277.2	5.0341744874723595
277.4	4.931426461380607
277.6	5.064628295814729
277.8	5.010649655306058
278.	5.038862191222378
278.2	5.0899815849001335
278.4	5.0482674483978585
278.6	4.9428878232299525
278.8	5.076227929364564
279.	4.8978619177219995
279.2	5.014243693290355
279.4	5.1448771790487084
279.6	5.127053205695166
279.8	4.917304978393504
280.	5.0473626140048395
280.2	5.03859209757947
280.4	4.9546848623517725
280.6	5.140488871306676
280.8	5.1217059106612215
281.	4.930215927450631
281.2	5.05584459939071
281.4	5.150041406367342
281.6	5.0642057262197895
281.8	5.022108996389335
282.	5.095414999645236
282.2	4.913853095965963
282.4	5.021248171626486
282.6	4.885745625362781
282.8	4.851653257888153
283.	4.98929831990409
283.2	4.968601144916409
283.4	5.004626038224967
283.6	5.040535173243312
283.8	4.976066276691909
284.	5.087568166424538
284.2	4.951026987511831
284.4	5.006779031760959
284.6	5.025707650830983
284.8	4.976599102242924
285.	4.977192275326792
285.2	5.054439104374759
285.4	4.975591444103536
285.6	4.967840341258185
285.8	4.883881440269323
286.	4.954772037266867
286.2	5.008752022537071
286.4	4.94830574626348
286.6	5.040669436978221
286.8	5.096099365198444
287.	5.0602369997707175
287.2	4.98458510488439
287.4	4.979822984747499
287.6	5.015037087510765
287.8	5.132332879755805
288.	5.057468201248273
288.2	4.9614963570233375
288.4	4.959191806738986
288.6	4.9830758593707865
288.8	5.1151332820233915
289.	4.873138991551023
289.2	5.167591345101732
289.4	4.92631255094039
289.6	5.003009649385038
289.8	5.073018312940877
290.	4.931330785132891
290.2	5.097584186038773
290.4	4.985570533792249
290.6	4.918435247845864
290.8	5.094526726861128
291.	5.016259731355328
291.2	4.994695387943701
291.4	4.980007310373388
291.6	5.005223710656
291.8	5.033077850356992
292.	4.958971755277364
292.2	5.061244040376504
292.4	5.113314214024324
292.6	5.040186845250452
292.8	4.995928979034544
293.	4.869637653342313
293.2	5.127796783788413
293.4	4.9212574268594285
293.6	5.054732622882425
293.8	4.914972467834422
294.	4.902244778898948
294.2	4.876278536077455
294.4	5.062223256490181
294.6	4.920646711932308
294.8	5.009228646293921
295.	5.04008907053187
295.2	5.186542956767886
295.4	4.898347562205493
295.6	5.027308672034885
295.8	5.014788468654565
296.	5.0618643633783895
296.2	4.951011995228114
296.4	4.878655276019435
296.6	5.089654802880395
296.8	4.966952116818416
297.	4.935631494073376
297.2	5.068342463983627
297.4	4.965280571280818
297.6	5.066989335211274
297.8	5.069297623876449
298.	5.001188193743312
298.2	4.982051938932464
298.4	5.022014483932184
298.6	5.0160804842279
298.8	4.962161110664331
299.	5.029677642900608
299.2	4.972541781483203
299.4	4.9666277291981675
299.6	5.043502528148472
299.8	5.007428675551709
300.	5.052325159510231
300.2	5.032389988384671
300.4	5.052641137421962
300.6	4.949173027118067
300.8	4.9333167859891365
301.	5.000085979285922
301.2	5.040011899363796
301.4	5.059360331318147
301.6	4.903267428331874
301.8	4.951222493355784
302.	4.9757583070680385
302.2	4.958369601898013
302.4	4.892086774552376
302.6	5.023116695810122
302.8	4.969080134388752
303.	4.993084785400242
303.2	5.087058688885432
303.4	4.923050154816524
303.6	5.080867663153206
303.8	4.972173660531286
304.	4.959467177809178
304.2	5.139173702641175
304.4	5.074455765895475
304.6	4.873330623354532
304.8	4.89049051300259
305.	5.016311989818037
305.2	5.102311230961213
305.4	4.877720798829409
305.6	5.031931186923807
305.8	5.07480084518568
306.	5.117997254634041
306.2	4.98929537967857
306.4	5.009144214398726
306.6	5.032180251522181
306.8	5.080866918742663
307.	4.9602773304496734
307.2	4.900351497102833
307.4	5.048640986852401
307.6	4.952797349334937
307.8	4.978237157398495
308.	4.968027169948364
308.2	4.991902839269677
308.4	4.975188605900259
308.6	5.046582290300304
308.8	4.936404216225569
309.	5.130440776594181
309.2	5.037957087211915
309.4	5.05404713467522
309.6	5.028951869730629
309.8	5.00371820354449
310.	5.166438674688747
310.2	5.190513858678203
310.4	5.013281581751061
310.6	5.026000938011164
310.8	5.0564350618469405
311.	5.015622621548891
311.2	5.031713904005442
311.4	5.128377592803185
311.6	5.287604740318601
311.8	5.0533435149108445
312.	4.984341025317485
312.2	5.1419334921927735
312.4	5.099049418179613
312.6	5.200943755952384
312.8	5.420138696040197
313.	5.081699666647779
313.2	5.192090959795049
313.4	5.220789536950165
313.6	5.325910582041684
313.8	5.318188356890646
314.	5.369197723817741
314.2	5.283399844044186
314.4	5.197544789233787
314.6	5.315652941977781
314.8	5.420135553906155
315.	5.475184680560462
315.2	5.472307022043229
315.4	5.453812334315138
315.6	5.709854486531404
315.8	5.563905092233184
316.	5.659387610917283
316.2	5.743707066334658
316.4	5.835798694328336
316.6	5.569134914105899
316.8	5.703047456315084
317.	5.839065849710348
317.2	5.8058530212710355
317.4	5.949530000993166
317.6	6.029203057729694
317.8	5.944649962180835
318.	6.1187781397305105
318.2	6.055028485309324
318.4	6.201259183229811
318.6	6.313710160423423
318.8	6.342623236091773
319.	6.5668393804076395
319.2	6.659196708784829
319.4	6.693236984135805
319.6	6.567833191349652
319.8	6.835639044098749
320.	6.874509006503787
320.2	6.977150704285148
320.4	7.182074245498643
320.6	7.341893350286601
320.8	7.351679636686814
321.	7.323573034001707
321.2	7.441238192989186
321.4	7.5551088093160566
321.6	7.641672408649695
321.8	7.741244377557813
322.	8.004890628215657
322.2	8.081410751584295
322.4	8.097075784031178
322.6	8.038044231369028
322.8	8.172273168512698
323.	8.321446347227795
323.2	8.498910508676516
323.4	8.575238465690433
323.6	8.58319697206173
323.8	8.670419753214107
324.	8.740725353368097
324.2	8.913640606364803
324.4	8.797718407391367
324.6	8.986545745311739
324.8	9.07656277271261
325.	9.022801309784727
325.2	9.164133472351393
325.4	9.331114833472055
325.6	9.206816680516036
325.8	9.263600221772272
326.	9.361163937136322
326.2	9.562699024041335
326.4	9.396490893502005
326.6	9.523807245862393
326.8	9.481025937537675
327.	9.545605747446157
327.2	9.58831464124405
327.4	9.571780304969224
327.6	9.496322083197246
327.8	9.595201094329395
328.	9.66000490188294
328.2	9.640428831160031
328.4	9.701290394736809
328.6	9.70819838679399
328.8	9.915806018028592
329.	9.80171467602742
329.2	9.707895857197931
329.4	9.840929839811043
329.6	9.722643761783937
329.8	9.816107232671037
330.	9.917775059740311
330.2	9.776429830634827
330.4	9.728659715737676
330.6	9.857329055409133
330.8	9.81584132705182
331.	9.905641467597235
331.2	9.817369215490224
331.4	9.999232553851627
331.6	9.995370966182232
331.8	9.992926789977584
332.	9.879140779907944
332.2	9.894383827510456
332.4	9.894951185599712
332.6	10.026395108289172
332.8	10.038505130226488
333.	9.873750525860416
333.2	9.919656199864887
333.4	9.87000297449317
333.6	9.942001741602517
333.8	9.814428598212215
334.	9.980855038917012
334.2	9.891235697240985
334.4	9.953490725685535
334.6	9.982832413887953
334.8	10.043963668834728
335.	10.047056263577051
335.2	10.071676449526308
335.4	9.971907204320123
335.6	10.02957920409938
335.8	10.004599272710319
336.	10.149280350087274
336.2	9.985008089004209
336.4	9.971082115236015
336.6	9.942418975950797
336.8	10.070966262726097
337.	10.003259211090473
337.2	9.990387438380019
337.4	10.119894700041328
337.6	9.925632407079599
337.8	9.88685307231528
338.	10.017215046231522
338.2	10.015892081573515
338.4	9.950149265011671
338.6	9.93640893227123
338.8	9.798770621481035
339.	10.130980601684952
339.2	9.94667776229604
339.4	10.04699894632383
339.6	10.070319695023077
339.8	9.998771400045456
340.	10.015347194562315
340.2	9.899562156990012
340.4	9.862488267635353
340.6	10.012821239923365
340.8	9.993245247419463
341.	10.024251904409015
341.2	9.986942436873425
341.4	9.993836646883368
341.6	9.962712067456785
341.8	10.005864492595192
342.	10.176576046122294
342.2	10.059179051970705
342.4	9.95957495757643
342.6	9.995381110589978
342.8	10.00007136983015
343.	9.952579895393859
343.2	9.891785253656703
343.4	9.950500800559015
343.6	10.016646370974986
343.8	10.081638049140846
344.	9.888922114115358
344.2	10.07483964167425
344.4	9.910430612217995
344.6	10.191846517884517
344.8	10.042176089251333
345.	10.018287760528901
345.2	9.957971225616461
345.4	9.984651351599167
345.6	10.092091336708581
345.8	10.052545746270694
346.	10.07798643118071
346.2	10.135265190151483
346.4	9.863087728069559
346.6	10.067253412068812
346.8	10.025544890726387
347.	10.077015757509194
347.2	10.01136515722738
347.4	10.014016360124694
347.6	10.011528733805514
347.8	10.020600311000905
348.	10.096080033704936
348.2	10.088811406449807
348.4	10.033788892275588
348.6	10.022598855523167
348.8	9.967570816814542
349.	10.040894144959116
349.2	10.026363752642768
349.4	10.023066792680975
349.6	10.041860645149084
349.8	9.951583526546045
350.	9.966029501270372
350.2	9.992942446524669
350.4	9.979639373513361
350.6	10.051026785407473
350.8	9.82347719729237
351.	10.054063408101165
351.2	10.054137317836815
351.4	10.012627897859929
351.6	10.080447350639032
351.8	9.974021552090381
352.	10.055276704285609
352.2	10.070956178979593
352.4	9.931640753481869
352.6	10.092531244356637
352.8	9.983246718858886
353.	10.014362190379972
353.2	10.029692519567108
353.4	10.014823057113297
353.6	9.984432675196322
353.8	10.117893005725518
354.	9.920139831001316
354.2	9.891930433636828
354.4	9.970490853965671
354.6	9.961741525866527
354.8	10.137356862239853
355.	9.963909585522218
355.2	10.009242957944686
355.4	9.8892426657507
355.6	10.119294006798158
355.8	10.041461806154732
356.	9.934818219521677
356.2	10.000806672636914
356.4	9.95017032339871
356.6	9.971984989255679
356.8	10.106107478637895
357.	10.10609286661132
357.2	10.140696372097217
357.4	9.937249251837313
357.6	10.025972951844146
357.8	10.112148552852824
358.	10.02138372838312
358.2	10.05827365955124
358.4	10.038388471578815
358.6	9.828241449262688
358.8	10.028213812959853
359.	10.073366151589308
359.2	10.07317004446221
359.4	10.16316461245273
359.6	10.082911212275073
359.8	9.9021283013012
360.	10.063868011251827
360.2	9.828544271324734
360.4	9.98316341317544
360.6	9.96163718157037
360.8	10.03418425390344
361.	10.009170071975184
361.2	9.98620788764816
361.4	9.988164810644589
361.6	9.91312141094671
361.8	9.932292093616073
362.	9.907601991342013
362.2	10.139722266990084
362.4	9.928187638395524
362.6	9.983139133330452
362.8	9.973508698470544
363.	9.973665403202899
363.2	10.08403863992474
363.4	9.96608606330073
363.6	10.02671345067132
363.8	10.029661473977685
364.	9.983478829843834
364.2	10.019837032803897
364.4	9.990489216119725
364.6	10.04586949209716
364.8	10.01051365125192
365.	9.973348426640111
365.2	10.036654887834324
365.4	10.237829503472252
365.6	10.022742147776457
365.8	9.82830955940862
366.	10.21906325340553
366.2	9.97931892132788
366.4	9.903574477358045
366.6	9.955081702516342
366.8	10.083198600820964
367.	9.757091870514945
367.2	9.998728807001402
367.4	10.134462184313422
367.6	10.038771575146157
367.8	10.145796924630762
368.	10.13059593042842
368.2	9.992495587849913
368.4	10.133610737623796
368.6	10.106621444472582
368.8	9.85540964982587
369.	9.924438366151822
369.2	9.91855281094697
369.4	10.081286413893165
369.6	9.981931037187895
369.8	10.025069379331288
370.	10.089044904568727
370.2	9.948165731851837
370.4	10.078475175440687
370.6	10.118462213655272
370.8	10.003127997754754
371.	10.01031810955651
371.2	9.970273676074477
371.4	10.031348245256117
371.6	10.095060957186417
371.8	10.143702060119226
372.	10.089474956251706
372.2	10.033579976023079
372.4	9.999536269631793
372.6	9.923784628051312
372.8	9.94333856647264
373.	9.929877989107972